Names,SIFT Scores,Coreleation Scores,EMD Scores
,,,
,,,
Aaron_Peirsol_,114243.250000,0.553764,117.280712
Aaron_Sorkin_,106561.000000,0.644005,134.499249
Abdel_Nasser_Assidi_,137632.666667,0.696079,158.803524
Abdoulaye_Wade_,116519.500000,0.673358,177.814001
Abdullah_,101033.333333,0.484841,139.140394
Abdullah_Gul_,114342.500000,0.572514,106.022652
Abdullah_al-Attiyah_,0.000000,1.005138,145.209253
Abdullatif_Sener_,90278.000000,0.791132,131.028717
Abel_Pacheco_,135278.000000,0.975957,135.924997
Abid_Hamid_Mahmud_Al-Tikriti_,120030.000000,0.762535,116.788588
Adam_Sandler_,92530.000000,0.955096,115.314945
Adam_Scott_,0.000000,0.988952,145.650574
Adel_Al-Jubeir_,95528.000000,0.799443,148.604799
Adolfo_Aguilar_Zinser_,126102.000000,0.661445,135.521559
Adolfo_Rodriguez_Saa_,122610.000000,0.928683,139.614647
Adrian_McPherson_,118912.500000,0.887435,155.078184
Adrian_Nastase_,78883.500000,0.551700,136.946634
Adrien_Brody_,130102.000000,0.982251,110.826210
Ahmad_Masood_,87096.000000,0.676163,149.200281
Ahmed_Chalabi_,95660.000000,0.589078,111.094357
Ahmet_Necdet_Sezer_,132275.000000,0.836235,129.484177
Ai_Sugiyama_,113568.000000,0.565928,130.559975
Aicha_El_Ouafi_,99179.000000,0.627321,130.813747
Aitor_Gonzalez_,125388.000000,1.015694,174.414089
Akbar_Hashemi_Rafsanjani_,76877.000000,0.746305,118.593149
Akhmed_Zakayev_,89052.333333,0.686873,128.851294
Al_Davis_,82747.000000,0.478748,149.338997
Al_Gore_,87191.500000,0.953608,139.249588
Al_Pacino_,102898.000000,0.720343,136.660910
Al_Sharpton_,121971.000000,0.656680,144.194639
Alan_Ball_,131124.000000,0.808767,123.341679
Alan_Greenspan_,120164.000000,0.728300,139.924641
Alan_Mulally_,102650.000000,0.627792,128.875210
Alastair_Campbell_,128611.000000,0.813893,103.847958
Albert_Costa_,132601.500000,0.821838,159.907846
Alberto_Fujimori_,94707.000000,0.696667,136.568459
Alberto_Ruiz_Gallardon_,0.000000,0.920861,129.842091
Albrecht_Mentz_,122754.250000,0.898506,128.809155
Aldo_Paredes_,77085.000000,0.709921,113.551733
Alec_Baldwin_,147324.000000,0.819968,103.859854
Alejandro_Atchugarry_,168970.000000,0.704358,120.512215
Alejandro_Avila_,85781.500000,0.601040,160.750025
Alejandro_Toledo_,96569.666667,0.718562,130.825891
Aleksander_Kwasniewski_,103006.000000,0.804374,138.492525
Alex_Barros_,115380.000000,0.743167,109.297112
Alex_Penelas_,139894.333333,0.745543,93.908958
Alex_Sink_,121801.000000,0.764578,118.592974
Alexander_Downer_,84968.500000,0.385391,123.856247
Alexander_Losyukov_,86910.500000,0.520533,112.947268
Alexander_Rumyantsev_,125944.500000,1.014390,112.069469
Alexandra_Stevenson_,96057.000000,0.661139,124.353714
Alexandra_Vodjanikova_,142514.666667,0.753922,154.616741
Ali_Abbas_,112887.000000,0.668776,91.197783
Ali_Khamenei_,144800.000000,0.846020,122.168577
Ali_Naimi_,137252.000000,0.834988,112.330084
Alice_Fisher_,0.000000,0.750718,139.600618
Alicia_Silverstone_,122043.000000,1.014777,129.924946
Alimzhan_Tokhtakhounov_,92831.000000,0.946256,117.451921
Alison_Lohman_,124699.000000,1.223923,114.434843
Allen_Iverson_,113732.000000,0.908552,151.965683
Allison_Janney_,128935.000000,0.808045,129.512285
Allyson_Felix_,104822.000000,0.629458,173.749788
Alvaro_Noboa_,71222.000000,0.742129,125.618814
Alvaro_Silva_Calderon_,132550.000000,0.901115,126.816647
Alvaro_Uribe_,100215.000000,0.963957,115.850544
Amanda_Beard_,100302.200000,0.628259,116.518036
Amanda_Bynes_,108792.500000,0.864476,87.513435
Amanda_Coetzer_,116486.333333,0.468538,140.540398
Amber_Tamblyn_,129436.500000,0.979735,109.008566
Amelia_Vega_,128492.000000,0.920207,137.460836
Amelie_Mauresmo_,91247.000000,1.034233,145.089897
Amer_al-Saadi_,105510.000000,0.883092,114.073139
Amram_Mitzna_,113133.666667,0.710344,126.972523
Ana_Guevara_,183335.000000,0.847091,177.763823
Ana_Palacio_,132230.000000,1.018930,63.421661
Anastasia_Myskina_,117545.000000,0.857918,156.068825
Anders_Ebbeson_,114524.000000,0.738105,162.858438
Anders_Fogh_Rasmussen_,149873.000000,0.912479,124.882845
Andre_Agassi_,101723.750000,0.698720,124.806862
Andrei_Mikhnevich_,66437.333333,0.486277,132.035507
Andrew_Bunner_,108508.500000,0.711651,111.804001
Andrew_Cuomo_,119205.000000,0.948440,98.605618
Andrew_Niccol_,119796.000000,0.848948,128.964849
Andrew_Weissmann_,94065.200000,0.734286,160.891441
Andy_Hebb_,131391.000000,0.673680,110.043676
Andy_Roddick_,87490.000000,0.962762,132.984587
Angela_Bassett_,93065.000000,0.701197,151.933989
Angela_Lansbury_,131555.000000,1.000609,78.914429
Angela_Merkel_,157897.000000,0.930697,85.223497
Angelina_Jolie_,95588.333333,0.705825,113.135641
Angelo_Reyes_,123906.500000,0.968907,140.129732
Anibal_Ibarra_,137926.500000,0.724647,125.966681
Ann_Veneman_,126260.000000,0.752865,101.478056
Anna_Kournikova_,138188.000000,0.570135,166.701735
Anna_Nicole_Smith_,130178.000000,0.652078,114.559340
Anne_Krueger_,72767.000000,0.685158,79.015614
Anne_McLellan_,130718.000000,0.918053,120.576580
Anneli_Jaatteenmaki_,114726.500000,0.843918,101.262575
Annette_Bening_,115651.000000,0.850088,133.524010
Annette_Lu_,88831.500000,0.874603,73.598024
Anthony_Fauci_,114782.250000,0.763640,124.876652
Anthony_Hopkins_,96703.000000,0.660956,137.430401
Anthony_LaPaglia_,149355.000000,0.916915,142.201483
Antonio_Banderas_,160800.000000,0.741158,138.817274
Antonio_Palocci_,127930.000000,0.717353,117.095860
Antonio_Trillanes_,152409.666667,0.673700,147.368990
Antony_Leung_,127957.000000,0.587153,140.701515
Anwar_Ibrahim_,134227.000000,0.776666,152.617567
Arantxa_Sanchez-Vicario_,115800.000000,0.725399,174.198771
Ari_Fleischer_,90893.500000,0.447115,173.428478
Arianna_Huffington_,112071.500000,0.888058,142.915321
Ariel_Sharon_,99986.500000,0.839285,94.738832
Arlen_Specter_,96705.000000,0.778535,134.718554
Arminio_Fraga_,106713.750000,0.598287,130.077559
Arnaud_Clement_,79840.000000,0.593665,120.542820
Arnold_Palmer_,86109.666667,0.656568,134.174543
Arnold_Schwarzenegger_,126216.000000,0.815374,145.389603
Arnoldo_Aleman_,67304.333333,0.652633,155.804207
Aron_Ralston_,113390.500000,0.738334,132.677292
Arsinee_Khanjian_,123923.000000,1.050444,132.837952
Art_Hoffmann_,85737.000000,0.900848,89.141346
Art_Howe_,109471.000000,0.755647,134.610550
Arturo_Gatti_,105420.000000,0.875740,150.508108
Arye_Mekel_,82097.000000,0.601035,118.514700
Asa_Hutchinson_,105302.000000,0.830526,108.774027
Ashanti_,116103.000000,0.829162,128.470715
Ashton_Kutcher_,125208.500000,0.680240,117.056374
Atal_Bihari_Vajpayee_,100351.000000,0.966132,154.576727
Augustin_Calleri_,109073.666667,0.664618,138.262060
Augusto_Pinochet_,122397.000000,0.514655,141.749365
Augusto_Roa_Bastos_,134318.000000,0.643582,128.951881
Aung_San_Suu_Kyi_,0.000000,0.848772,127.973829
Azra_Akin_,143770.000000,0.953270,146.064356
Barbara_Brezigar_,114940.750000,0.766883,115.812956
Barbara_Walters_,164248.000000,0.949079,110.484447
Barbra_Streisand_,133005.000000,0.974766,126.212618
Barrett_Jackman_,125644.000000,0.604908,124.339209
Barry_Alvarez_,121475.500000,0.920138,142.958529
Barry_Zito_,144637.000000,1.063599,119.386745
Bashar_Assad_,109657.666667,0.559500,100.027592
Begum_Khaleda_Zia_,145192.000000,0.946376,150.839931
Ben_Affleck_,128227.000000,0.758217,108.004841
Ben_Curtis_,105426.000000,0.836749,110.514433
Ben_Glisan_,117760.000000,0.722386,111.638832
Ben_Howland_,79310.000000,0.676864,114.842072
Benazir_Bhutto_,130955.000000,0.930815,152.757601
Benjamin_Netanyahu_,112716.666667,0.675907,149.248823
Bernard_Landry_,107946.500000,0.581029,128.361410
Bernard_Law_,106217.000000,0.821338,113.637489
Bernard_Lord_,101719.333333,0.586384,103.264690
Bernardo_Segura_,90469.000000,0.609763,141.329416
Bertie_Ahern_,103330.200000,0.618625,106.914280
Bertrand_Bonello_,126769.000000,0.818070,142.003632
Beth_Jones_,0.000000,0.984024,159.191805
Betsy_Smith_,122140.000000,0.882446,87.695263
Bijan_Darvish_,87109.666667,0.683985,148.246178
Bijan_Namdar_Zangeneh_,136330.500000,0.933842,140.144028
Biljana_Plavsic_,132968.666667,0.798636,111.655577
Bill_Belichick_,100446.000000,0.768814,97.336195
Bill_Callahan_,0.000000,0.927813,137.742672
Bill_Clinton_,121319.500000,0.787305,138.818743
Bill_Frist_,146080.000000,0.797233,115.831837
Bill_Gates_,142133.000000,0.980692,112.510118
Bill_Graham_,103422.333333,0.567244,94.354950
Bill_McBride_,113816.666667,0.704396,128.011421
Bill_Nelson_,89427.200000,0.396106,156.615301
Bill_Parcells_,97209.500000,0.611406,136.874174
Bill_Paxton_,127466.333333,0.682226,138.149366
Bill_Simon_,83585.000000,0.659886,117.443270
Bill_Sizemore_,104304.000000,0.622154,100.411602
Billy_Crystal_,130817.500000,0.718486,129.789433
Billy_Graham_,0.000000,0.813573,119.560799
Billy_Sollie_,105144.500000,0.751557,125.752682
Binyamin_Ben-Eliezer_,101030.000000,0.660456,147.379059
Blythe_Danner_,145389.000000,0.689622,135.305182
Blythe_Hartley_,111544.000000,0.644977,152.950663
Bo_Pelini_,119343.333333,0.432768,133.081896
Bo_Ryan_,120710.500000,0.723978,130.684610
Bob_Beauprez_,110639.500000,0.780421,147.849031
Bob_Colvin_,0.000000,0.872100,90.623005
Bob_Dole_,121860.000000,0.869698,151.262955
Bob_Geldof_,100024.000000,0.666784,138.277941
Bob_Graham_,101253.333333,0.543046,147.870615
Bob_Hope_,90566.000000,0.835099,83.498730
Bob_Huggins_,127560.500000,0.960542,128.298796
Bob_Stoops_,157092.000000,0.873739,128.430752
Bobby_Goldwater_,101463.250000,0.539618,136.074015
Bobby_Robson_,119234.000000,0.948167,112.428802
Bode_Miller_,0.000000,1.137835,142.642433
Bono_,125396.500000,0.919104,75.106565
Boris_Becker_,143981.000000,0.618397,159.641968
Boris_Berezovsky_,82683.200000,0.595195,130.467035
Boris_Yeltsin_,110329.750000,0.541406,141.851866
Brad_Garrett_,128631.000000,0.799002,146.012106
Brad_Johnson_,103664.000000,0.696602,112.972246
Branko_Crvenkovski_,115313.000000,0.690214,143.114790
Brendan_Hansen_,109807.000000,0.654857,129.767759
Brian_Cowen_,162118.000000,1.059747,64.527178
Brian_Griese_,90298.500000,0.536877,153.944613
Brian_Heidik_,83971.333333,0.460754,116.214512
Brian_Mulroney_,117282.000000,0.972492,103.451147
Brian_Wells_,103113.333333,0.554196,131.060358
Bridget_Fonda_,111308.000000,0.921128,119.088198
Bridgette_Wilson-Sampras_,130408.000000,0.751782,119.584732
Brigitte_Boisselier_,88405.000000,0.842796,162.046585
Britney_Spears_,138138.000000,0.614747,114.100925
Brooke_Shields_,121509.500000,0.651032,124.025841
Bruce_Springsteen_,114892.250000,0.517880,107.327085
Bruce_Van_De_Velde_,99928.250000,0.735644,157.620525
Bruce_Weber_,102170.000000,0.624917,117.980822
Bud_Selig_,143492.000000,0.888484,120.785461
Bulent_Ecevit_,95453.000000,0.656583,151.457199
Butch_Davis_,97226.000000,0.623105,124.038618
Byron_Scott_,109624.500000,0.672281,176.985521
Calista_Flockhart_,138539.000000,0.920420,125.070093
Cameron_Diaz_,104493.500000,0.547403,145.308702
Camilla_Parker_Bowles_,119091.666667,0.686183,140.975458
Candice_Bergen_,78651.000000,0.615974,142.526567
Candie_Kung_,120446.000000,0.938419,164.389160
Carl_Reiner_,98842.500000,0.671627,150.903618
Carla_Del_Ponte_,107195.500000,0.753573,146.995773
Carla_Myers_,136252.750000,0.947813,99.990139
Carlo_Ancelotti_,115877.000000,0.596716,167.470800
Carlos_Bianchi_,118292.666667,0.596716,149.396147
Carlos_Ghosn_,126668.500000,0.716819,127.115383
Carlos_Manuel_Pruneda_,107137.500000,0.636685,112.425489
Carlos_Menem_,139997.500000,0.864284,126.746243
Carlos_Mesa_,142976.000000,1.053346,141.546019
Carlos_Moya_,84138.250000,0.675087,130.460423
Carlos_Ortega_,109193.666667,0.772445,136.349174
Carlos_Quintanilla_Schmidt_,119706.666667,0.991556,150.708281
Carlos_Ruiz_,130330.000000,1.086277,132.683853
Carlos_Vives_,90422.000000,0.534748,136.181135
Carly_Fiorina_,129739.000000,0.729534,112.883116
Carmen_Electra_,122117.000000,0.911526,144.974041
Carol_Burnett_,146332.000000,0.856959,117.700748
Carol_Moseley_Braun_,102500.250000,0.644325,143.914522
Carolina_Kluft_,125486.333333,0.584671,141.481358
Carolina_Moraes_,81708.000000,0.436030,152.827681
Caroline_Kennedy_,90750.000000,0.980845,107.357391
Carolyn_Dawn_Johnson_,89244.000000,0.672595,143.040579
Carrie-Anne_Moss_,117529.500000,1.100191,123.468674
Carson_Daly_,110010.333333,1.031315,96.809273
Carson_Palmer_,142103.000000,0.744486,123.562092
Cate_Blanchett_,142384.000000,0.886713,80.310457
Catherine_Deneuve_,54711.000000,0.686489,147.780525
Catherine_Zeta-Jones_,118671.666667,0.588043,122.372049
Cathy_Freeman_,185456.000000,0.663986,137.552279
Cecilia_Bolocco_,133442.250000,0.751944,143.993465
Celine_Dion_,141906.500000,0.836788,128.144814
Celso_Amorim_,129772.000000,0.901935,88.821114
Cesar_Gaviria_,110661.000000,0.682608,130.207670
Cesar_Maia_,112274.000000,0.747402,135.117987
Chakib_Khelil_,148775.000000,0.967270,104.201515
Chan_Gailey_,149795.000000,0.798029,123.247105
Chanda_Rubin_,101565.500000,0.484816,168.861847
Chang_Dae-whan_,0.000000,1.023059,89.266432
Charles_Bronson_,76136.400000,0.516251,103.263115
Charles_Grassley_,108046.000000,0.833968,140.309799
Charles_Kartman_,77326.000000,0.481510,140.033104
Charles_Mathews_,132561.000000,0.765120,117.219675
Charles_Moose_,125454.000000,0.823100,169.420013
Charles_Schumer_,75279.000000,0.795269,135.928968
Charles_Taylor_,103222.000000,0.687258,145.787592
Charlie_Zaa_,123450.000000,0.532963,153.198858
Charlotte_Rampling_,121104.500000,0.665234,129.044889
Charlton_Heston_,93982.333333,0.771968,126.005388
Chen_Liang_Yu_,111157.000000,0.769975,128.463428
Chen_Shui-bian_,110596.000000,0.966932,111.891016
Cherie_Blair_,159351.000000,0.741781,126.094759
Chick_Hearn_,115961.000000,0.770556,141.275549
Chita_Rivera_,117622.000000,0.893884,115.910988
Choi_Sung-hong_,125863.500000,0.856736,148.107597
Chok_Tong_Goh_,0.000000,0.874291,108.437906
Chris_Bell_,111918.333333,0.770812,108.683325
Chris_Byrd_,72198.500000,0.665060,163.724276
Chris_Cooper_,94097.000000,0.722110,93.522776
Chris_Rock_,145415.500000,0.732495,153.156471
Chris_Tucker_,141293.000000,0.815335,187.964220
Christian_Fittipaldi_,107899.000000,0.772973,160.789650
Christian_Longo_,155831.000000,0.754709,138.189964
Christian_Wulff_,139914.000000,0.819605,68.148300
Christina_Aguilera_,109275.500000,0.653242,131.963730
Christine_Baumgartner_,136297.500000,0.749310,122.161163
Christine_Ebersole_,143317.000000,0.792757,125.955791
Christine_Gregoire_,92789.500000,0.611456,90.045086
Christine_Todd_Whitman_,100808.500000,0.900993,111.666651
Christopher_Patten_,93564.000000,0.553045,139.255886
Christopher_Reeve_,118882.000000,0.745472,83.161224
Christopher_Walken_,84500.500000,0.759862,116.432964
Chuck_Amato_,119077.000000,0.763826,119.416189
Chuck_Yeager_,156453.000000,1.062577,144.145594
Chung_Mong-hun_,0.000000,0.916392,117.833822
Chung_Mong-joon_,106190.000000,0.945142,113.576944
Cindy_Crawford_,141055.000000,0.862927,135.247732
Cindy_Margolis_,0.000000,0.897589,138.099628
Ciro_Gomes_,142458.666667,0.764573,178.256153
Claire_Danes_,0.000000,0.842534,100.015587
Claire_Hentzen_,104961.000000,0.823299,146.772621
Claire_Leger_,140339.500000,1.064687,119.710436
Clara_Harris_,163882.000000,0.818100,118.753719
Clare_Short_,107970.000000,0.804265,89.147062
Claudia_Pechstein_,104834.000000,0.962800,161.444942
Claudia_Schiffer_,121385.000000,0.853362,93.855486
Clay_Aiken_,104262.000000,0.847038,115.574383
Clint_Eastwood_,101655.666667,0.545998,112.362839
Colin_Farrell_,161421.000000,0.627514,101.275032
Colin_Jackson_,103612.500000,0.730827,183.063931
Colin_Montgomerie_,154797.000000,0.568018,140.659847
Colin_Powell_,115794.000000,0.621398,128.207859
Conan_OBrien_,144773.000000,0.836641,113.112150
Conchita_Martinez_,107781.000000,0.651420,126.119558
Condoleezza_Rice_,149953.000000,0.815812,158.803097
Constance_Marie_,0.000000,1.088491,141.174833
Coretta_Scott_King_,109814.000000,0.872860,145.693560
Corinne_Coman_,128896.500000,0.658902,132.975193
Costas_Simitis_,130823.000000,0.766987,123.204531
Courtney_Love_,121644.000000,0.965293,100.615328
Cristina_Fernandez_,0.000000,0.821162,133.826571
Cristina_Saralegui_,0.000000,0.756360,113.384468
Cruz_Bustamante_,121040.000000,0.725391,130.486305
Cyndi_Thompson_,135756.000000,0.893659,136.029701
Dai_Bachtiar_,99278.333333,0.620141,153.214640
Daisy_Fuentes_,93181.500000,0.946895,91.611526
Dalai_Lama_,133103.000000,0.970855,131.847822
Dale_Earnhardt_Jr_,105475.400000,0.536007,111.069712
Damon_van_Dam_,106620.333333,0.527194,99.366034
Dan_Morales_,98658.750000,0.536532,122.290443
Dan_Wheldon_,122018.500000,0.739951,154.646406
Daniel_Day-Lewis_,91959.000000,0.674056,98.279299
Daniel_Radcliffe_,129574.000000,0.918391,123.329033
Daniela_Hantuchova_,155654.500000,0.924217,125.425604
Darrell_Issa_,138122.000000,0.781151,102.575331
Darrell_Porter_,0.000000,0.749217,101.990171
Darren_Clarke_,85451.500000,0.681094,137.231524
Daryl_Hannah_,0.000000,0.572627,101.594183
Dave_Campo_,80145.000000,0.636485,109.698914
David_Anderson_,70792.000000,0.666262,155.125893
David_Beckham_,106212.142857,0.514989,126.793419
David_Bell_,145797.000000,0.892941,141.273531
David_Caraway_,115784.000000,0.695559,133.377323
David_Caruso_,107269.000000,0.806795,81.050198
David_Coulthard_,92829.000000,0.674210,126.820900
David_Dodge_,103710.000000,0.912273,106.922104
David_Heyman_,106956.750000,0.678541,127.036636
David_Heymann_,102807.000000,0.657303,117.233257
David_Hyde_Pierce_,121830.500000,0.854342,117.009720
David_Kelley_,132985.000000,0.849144,135.700556
David_Leahy_,0.000000,0.484122,148.305099
David_Myers_,163411.000000,1.200214,132.171349
David_Nalbandian_,102021.000000,0.843959,135.923954
David_Spade_,120907.000000,1.022702,112.048271
David_Stern_,65312.500000,0.722857,124.752197
David_Trimble_,98167.000000,0.687055,110.222986
David_Wells_,149445.666667,0.985496,149.942873
David_Wolf_,103449.000000,0.644437,122.350702
Dean_Barkley_,126453.333333,0.616167,99.775492
Debbie_Reynolds_,139679.000000,1.011373,111.882229
Debra_Brown_,134492.000000,0.626449,103.040207
Debra_Messing_,125996.500000,0.985345,103.695780
Demetrius_Ferraciu_,81067.000000,0.665327,143.238594
Demi_Moore_,132192.000000,0.914629,127.353201
Denise_Johnson_,111061.500000,0.739031,128.831287
Dennis_Erickson_,117103.000000,0.621259,131.836740
Dennis_Hastert_,110444.000000,0.723439,142.825787
Dennis_Kozlowski_,122480.000000,0.897263,151.122057
Dennis_Kucinich_,87008.000000,0.602190,131.981453
Dennis_Powell_,124161.000000,0.866820,120.988541
Denzel_Washington_,117322.000000,0.859096,139.549006
Derek_Jeter_,83667.250000,0.541496,155.003325
Derek_Lowe_,0.000000,1.056818,135.211224
Desiree_Lemosi_,138390.250000,0.947440,114.743826
Dexter_Jackson_,151280.000000,0.795311,134.431652
Diana_Krall_,133534.000000,0.736978,95.452072
Diana_Munz_,94716.000000,0.749150,156.427361
Diana_Taurasi_,133422.500000,0.581622,135.511766
Diane_Green_,109469.666667,0.966245,126.595413
Dianne_Feinstein_,121249.000000,0.990167,135.295929
Dick_Cheney_,110406.666667,0.607782,124.181995
Dick_Clark_,123402.000000,0.989241,98.164845
Dick_Latessa_,99185.500000,0.575131,94.149837
Dick_Vermeil_,83924.000000,0.736565,173.813759
Dino_de_Laurentis_,143297.000000,0.935135,116.770632
Dolly_Parton_,92107.250000,0.402895,129.412445
Dolma_Tsering_,0.000000,0.620452,98.245071
Dominik_Garcia-Lorido_,126267.000000,0.962369,111.931852
Dominique_de_Villepin_,122192.000000,0.610953,158.992895
Don_Nickles_,136744.000000,0.744783,139.751629
Don_Siegelman_,111082.000000,0.802721,172.909924
Donald_Evans_,156506.000000,0.795177,128.329571
Donald_Fehr_,87526.000000,0.809280,143.793032
Donald_Pettit_,138962.000000,0.883512,136.472895
Donald_Rumsfeld_,83698.250000,0.551353,130.564011
Donatella_Versace_,121134.666667,0.625281,152.458055
Donna_Shalala_,102761.000000,0.656558,139.402058
Doris_Roberts_,116961.000000,0.543374,116.725742
Doris_Schroeder_,128028.500000,0.567707,125.795620
Dorthy_Moxley_,129153.000000,0.677677,107.936806
Doug_Collins_,125023.000000,0.622077,132.825262
Doug_Duncan_,90918.666667,0.643695,143.095888
Doug_Melvin_,134852.000000,0.719941,127.545631
Drew_Barrymore_,126488.500000,0.781205,117.239597
Duane_Lee_Chapman_,122431.250000,0.694402,122.366081
Dwayne_Johnson_,141359.000000,0.673862,166.549702
Ed_Rosenthal_,83686.400000,0.428413,123.558470
Ed_Smart_,87685.285714,0.350610,119.371611
Eddie_Sutton_,86456.333333,0.481328,128.555855
Eddy_Merckx_,148258.000000,1.019895,116.482294
Edie_Falco_,118789.000000,0.973462,124.682066
Edmund_Hillary_,104344.666667,0.803383,105.900967
Edmund_Stoiber_,130946.000000,0.888229,117.707413
Eduard_Shevardnadze_,71738.666667,0.645738,124.599781
Eduardo_Duhalde_,106608.000000,0.719979,119.700211
Edward_James_Olmos_,90738.000000,0.676088,103.181078
Edward_Kennedy_,86538.000000,0.654846,111.500175
Edward_Lu_,142935.000000,0.869401,110.209881
Edward_Norton_,144195.000000,0.879576,101.716663
Edward_Said_,137135.666667,0.973403,132.674458
Edwin_Edwards_,116394.000000,1.237594,107.558250
Edwina_Currie_,122724.000000,0.742642,96.366014
Eileen_Coparropa_,160537.000000,0.849909,141.759598
Elena_Bovina_,76813.000000,0.863997,114.540855
Eliane_Karp_,113974.666667,0.656939,123.928921
Elijah_Wood_,102938.000000,0.874512,110.839800
Elin_Nordegren_,67074.000000,0.596293,112.891369
Elinor_Caplan_,98488.250000,0.598710,123.894449
Elisabeth_Schumacher_,157965.000000,1.242663,116.261557
Elizabeth_Dole_,142953.000000,0.714589,130.867468
Elizabeth_Hurley_,121764.000000,0.965479,87.789982
Elizabeth_Shue_,0.000000,1.039483,87.157738
Elizabeth_Smart_,142747.000000,0.827315,132.682545
Elizabeth_Taylor_,112996.500000,0.783948,87.986000
Ellen_DeGeneres_,113727.000000,0.959920,106.238749
Ellen_Engleman_,0.000000,1.094390,116.351803
Elsa_Zylberstein_,107013.666667,0.729575,153.743422
Elton_John_,78336.000000,0.840743,128.158991
Elvis_Presley_,157181.000000,1.164730,75.565977
Emanuel_Ginobili_,113531.333333,0.694397,126.662674
Emile_Lahoud_,104315.000000,0.936820,94.266989
Emily_Robison_,113926.666667,0.667866,127.929939
Emma_Thompson_,134883.000000,0.792418,132.212530
Emma_Watson_,133770.000000,0.756539,102.910006
Emmanuelle_Beart_,129358.500000,0.815221,121.464447
Emmit_Smith_,98604.000000,0.692762,166.620329
Enrique_Bolanos_,80341.800000,0.414024,152.059416
Eric_Clapton_,135442.000000,0.582527,135.446388
Eric_Hinske_,111551.500000,0.711385,157.695314
Eric_Robert_Rudolph_,116143.333333,0.565751,124.044073
Eric_Rosser_,121883.000000,0.687968,124.034025
Erik_Morales_,113948.250000,0.647822,133.922817
Erika_Christensen_,132208.000000,0.826115,117.991362
Erika_Harold_,142261.000000,0.842865,134.714138
Erin_Runnion_,158254.000000,0.957743,148.730579
Ernesto_Zedillo_,93335.600000,0.627664,101.403090
Ernie_Els_,143292.000000,1.099474,111.603872
Ernie_Eves_,0.000000,0.607066,148.370127
Ernie_Fletcher_,125337.000000,0.828404,120.417458
Ethan_Hawke_,113729.666667,0.947806,115.190363
Eunice_Barber_,0.000000,0.792554,195.540346
Eva_Dimas_,127163.500000,0.721368,120.814280
Evan_Rachel_Wood_,125501.500000,0.847592,91.935514
Evander_Holyfield_,105350.000000,0.702629,159.637123
Eve_Pelletier_,102914.666667,0.764812,129.134726
Fabiola_Zuluaga_,151425.000000,0.821023,145.457317
Fabrice_Santoro_,114273.000000,0.802955,152.262314
Farouk_al-Sharaa_,100937.000000,0.920272,140.228853
Faye_Dunaway_,152415.000000,0.884895,97.973513
Fayssal_Mekdad_,122399.000000,0.860999,136.168970
Federico_Trillo_,118811.000000,0.929472,118.609035
Felipe_Perez_Roque_,123420.500000,0.825601,130.487766
Felix_Mantilla_,119262.666667,0.707619,152.308586
Ferenc_Madl_,116468.000000,0.989337,84.759499
Fernando_Gonzalez_,150270.000000,0.779388,156.374985
Fernando_Henrique_Cardoso_,168507.000000,0.877696,128.265116
Fernando_Vargas_,117849.500000,0.662421,149.801693
Fidel_Castro_,92980.000000,0.627270,147.330952
Filippo_Inzaghi_,86015.800000,0.610466,175.176239
Flavia_Delaroli_,120391.000000,0.891202,143.623030
Flor_Montulo_,119874.000000,0.761550,140.146530
Fran_Drescher_,79961.000000,0.852796,129.468697
Frances_Fisher_,129248.000000,0.969992,124.456650
Francis_Ford_Coppola_,138759.000000,0.808939,105.258072
Francis_George_,102796.000000,0.685444,124.202721
Francis_Mer_,137268.000000,0.918718,113.980703
Francisco_Flores_,95637.500000,0.774075,127.374044
Franco_Dragone_,0.000000,0.781346,100.821329
Frank_Cassell_,126874.000000,0.795036,120.880192
Frank_Dunham_Jr_,140539.500000,0.896628,119.470398
Frank_Griswold_,72813.500000,0.581401,137.431427
Frank_Lautenberg_,96815.000000,0.967202,103.523722
Frank_Solich_,108802.333333,0.694380,129.106016
Frank_Stallone_,0.000000,1.131303,126.770880
Franko_Simatovic_,120527.000000,0.719908,146.524960
Franz_Beckenbauer_,93941.666667,0.516072,157.033045
Franz_Fischler_,123235.000000,0.856133,107.368210
Franz_Muentefering_,113747.000000,1.152911,71.731449
Fred_Eckhard_,101725.500000,0.818597,105.319771
Fred_Funk_,92098.000000,0.465422,150.979626
Fred_Thompson_,102102.000000,0.589797,169.082640
Freddy_Garcia_,82312.000000,0.755374,109.790768
Fujio_Cho_,111992.000000,0.825661,121.559034
GL_Peiris_,67819.000000,0.471332,113.248333
Gabriel_Batistuta_,146468.000000,0.681670,135.031507
Gabriel_Valdes_,111609.333333,0.661761,124.259956
Gao_Qiang_,123319.000000,0.884208,137.534698
Garry_Kasparov_,126582.000000,0.729396,121.557934
Garry_Trudeau_,126020.333333,0.709173,137.281155
Gary_Bergeron_,150291.000000,0.743617,102.277714
Gary_Carter_,123786.500000,0.564941,133.995220
Gary_Doer_,115462.000000,0.667921,155.461702
Gary_Forsee_,89568.500000,0.570608,136.397993
Gary_Locke_,0.000000,0.771024,133.244081
Gary_Williams_,109348.250000,0.683287,120.046556
Gary_Winnick_,124856.500000,0.741157,130.675226
Gene_Robinson_,123088.000000,0.978325,142.067583
Geno_Auriemma_,91985.000000,0.689986,120.806137
Geoff_Hoon_,101357.000000,1.038077,125.602951
George_Brumley_,118068.000000,0.680696,133.090237
George_Clooney_,135026.000000,0.804117,83.090101
George_Foreman_,129971.000000,0.869164,104.757797
George_Galloway_,119952.000000,0.933849,104.267752
George_HW_Bush_,130110.000000,0.902153,150.895803
George_Karl_,104759.333333,0.733183,113.080402
George_Lopez_,143414.000000,0.906600,129.440060
George_P_Bush_,84106.000000,0.831974,91.629663
George_Papandreou_,147345.500000,0.705916,149.628597
George_Pataki_,86877.000000,0.711272,122.811777
George_Robertson_,130782.000000,0.819214,133.932140
George_Roy_Hill_,0.000000,1.005807,172.515135
George_Ryan_,123491.000000,1.013427,127.453060
George_Tenet_,160916.000000,0.901019,146.788393
George_Voinovich_,126129.250000,0.558812,152.373793
George_W_Bush_,109007.333333,0.723449,128.687687
Georgi_Parvanov_,93755.500000,0.579121,133.489496
Geraldine_Chaplin_,105654.000000,0.890538,154.557589
Gerard_Depardieu_,80369.500000,0.792915,125.454281
Gerardo_Gambala_,128946.500000,0.695429,157.898308
Gerhard_Schroeder_,74074.250000,0.558217,109.908852
Gerry_Adams_,104539.500000,0.541156,140.192341
Gerry_Parsky_,112867.500000,0.770555,141.814116
Gian_Marco_,99887.000000,0.648007,137.402817
Gianna_Angelopoulos-Daskalaki_,154014.000000,0.979996,126.020969
Gil_de_Ferran_,117170.000000,0.811435,168.742809
Gilberto_Rodriguez_Orejuela_,154217.000000,0.600309,138.794651
Gillian_Anderson_,114117.000000,0.635623,88.729189
Gisele_Bundchen_,115758.000000,0.769316,161.799936
Giuseppe_Gibilisco_,135325.000000,0.716637,110.397940
Glafcos_Clerides_,120245.000000,0.614222,123.666388
Gloria_Allred_,122738.000000,1.015364,114.727438
Gloria_Macapagal_Arroyo_,141475.500000,0.991149,96.759865
Gloria_Trevi_,140865.000000,0.785673,121.557379
Goh_Kun_,128052.000000,1.085479,98.216343
Goldie_Hawn_,105377.000000,0.851127,129.915682
Gonzalo_Sanchez_de_Lozada_,132034.333333,0.745451,137.782274
Goran_Persson_,117985.000000,0.861319,122.185671
Gordon_Brown_,94652.500000,0.747515,115.628447
Gordon_Campbell_,66256.000000,0.639736,110.860727
Grady_Irvin_Jr_,114075.333333,0.611914,165.953785
Grant_Hackett_,119975.000000,0.796662,132.935514
Gray_Davis_,111940.000000,0.516199,121.450724
Greg_Gilbert_,127355.000000,0.830956,142.663868
Greg_Ostertag_,116902.833333,0.652763,102.965542
Greg_Owen_,0.000000,0.759738,115.115934
Greg_Rusedski_,129931.000000,0.717803,147.623045
Gregg_Popovich_,127130.000000,0.760386,149.603148
Gregory_Geoffroy_,97319.000000,0.684553,125.187260
Gregory_Hines_,128887.000000,1.069459,152.025890
Gro_Harlem_Brundtland_,115883.000000,0.610276,100.459187
Guido_Westerwelle_,182191.000000,0.795109,97.726400
Guillaume_Soro_,125517.000000,0.739440,194.259848
Guillermo_Canas_,106632.000000,0.796897,128.235495
Guillermo_Coria_,114643.666667,0.792700,130.670092
Guillermo_Ortiz_,150114.000000,0.892694,160.850903
Gunter_Pleuger_,105286.000000,0.761388,136.647928
Gus_Van_Sant_,101144.200000,0.466132,112.559429
Gustavo_Kuerten_,117909.333333,0.881968,128.502188
Guy_Hemmings_,103297.000000,0.757060,118.721481
Guy_Ritchie_,128479.250000,0.851731,124.970846
Gwendal_Peizerat_,119350.500000,0.746897,140.713297
Gwyneth_Paltrow_,103834.500000,0.604839,88.781166
Habib_Rizieq_,123163.500000,0.718923,155.967854
Hal_Gehman_,158871.500000,0.640664,144.597122
Hal_Sutton_,144464.500000,0.543539,114.564182
Halle_Berry_,122931.000000,0.536584,116.761440
Hamid_Karzai_,116805.333333,0.817263,145.449938
Hamzah_Haz_,91077.000000,0.695205,117.021502
Hanan_Ashrawi_,107752.666667,0.638515,105.071033
Hannah_Stockbauer_,109416.500000,0.825514,134.940498
Hans_Blix_,147653.000000,1.021808,108.999094
Hans_Eichel_,149689.000000,0.771585,125.640482
Harbhajan_Singh_,103825.333333,0.581397,163.862043
Harrison_Ford_,113272.000000,0.760576,99.866068
Harry_Belafonte_,147899.000000,0.667250,174.800350
Harry_Kalas_,111351.500000,0.738381,143.648865
Harry_Schmidt_,113581.000000,0.604221,100.932941
Harvey_Weinstein_,153649.500000,0.818287,96.271353
Hashim_Thaci_,80401.500000,0.532841,137.502430
Hassan_Nasrallah_,122174.000000,0.739851,153.532221
Hassan_Wirajuda_,111147.500000,0.849772,91.820566
Hayley_Tullett_,105046.000000,0.667905,150.687042
Heath_Ledger_,122727.000000,0.690869,77.940075
Heather_Mills_,132419.000000,0.782837,85.102184
Hector_Babenco_,98650.000000,0.556061,135.125458
Hee-Won_Han_,140437.000000,0.689914,148.092791
Heidi_Fleiss_,129252.000000,0.839208,128.861723
Heidi_Klum_,121015.500000,0.884929,126.764917
Heinz_Feldmann_,138870.000000,0.798957,134.069254
Heizo_Takenaka_,114667.000000,0.928449,107.579969
Helen_Clark_,125749.500000,0.668168,122.909691
Henrique_Meirelles_,132700.333333,0.832469,125.345148
Herb_Sendek_,120087.000000,0.887534,123.023163
Hermann_Maier_,103447.000000,0.832427,99.258022
Herta_Daeubler-Gmelin_,139895.000000,0.713633,81.010647
Hichiro_Naemura_,129122.000000,1.101069,131.986456
Hideki_Matsui_,88091.000000,0.987563,135.432823
Hilary_Duff_,111718.000000,0.723510,132.696682
Hillary_Clinton_,103104.500000,0.750776,70.286726
Hilmi_Ozkok_,102486.000000,0.875878,104.381130
Hipolito_Mejia_,85170.500000,0.560395,160.043800
Hisao_Oguchi_,114815.500000,0.624807,135.418362
Hitomi_Soga_,124279.000000,0.856039,106.293724
Holly_Hunter_,93981.000000,0.855889,132.950203
Hootie_Johnson_,146114.000000,0.865853,122.625967
Horst_Koehler_,160419.000000,1.116024,122.936766
Hosni_Mubarak_,157104.000000,0.717521,127.171652
Howard_Dean_,81186.000000,0.736303,122.137730
Howard_Schultz_,98988.000000,0.593382,144.349953
Howard_Smith_,67453.750000,0.547496,132.591434
Hu_Jintao_,137662.000000,1.020777,104.655361
Hugh_Grant_,116970.666667,0.590716,123.327724
Hugo_Chavez_,115430.333333,0.611507,128.135559
Hun_Sen_,128196.000000,0.530822,137.786942
Iain_Duncan_Smith_,94397.800000,0.474341,143.629000
Ian_McKellen_,0.000000,1.016650,117.537441
Ian_Thorpe_,115190.000000,0.832329,93.951523
Iban_Mayo_,120536.000000,0.723759,130.867521
Ibrahim_Jaafari_,118058.000000,1.042364,113.322718
Igor_Ivanov_,98153.500000,0.633657,102.041042
Ilan_Ramon_,124693.500000,0.737474,123.569675
Imad_Moustapha_,102395.666667,0.720482,146.185848
Inam-ul-Haq_,97937.666667,0.706584,88.058479
Inocencio_Arias_,84524.000000,0.669008,138.151114
Intisar_Ajouri_,73391.000000,0.950590,145.817003
Isabella_Rossellini_,104293.000000,0.961577,97.549484
Isabelle_Huppert_,174399.000000,0.972406,131.576332
Isaiah_Washington_,135641.500000,0.768271,182.508905
Ishaq_Shahryar_,93160.000000,0.652732,119.103323
Ismail_Merchant_,138048.000000,1.099984,138.875443
Iva_Majoli_,116129.500000,0.852994,154.907091
JJ_Redick_,100052.000000,0.853643,156.114323
JK_Rowling_,116141.000000,0.737344,66.607191
Jack_Grubman_,109799.000000,0.835644,125.557436
Jack_Nicholson_,124405.666667,0.697276,138.740389
Jack_Straw_,99756.750000,0.583239,122.592709
Jackie_Chan_,136937.600000,0.791529,142.908285
Jacqueline_Obradors_,110984.000000,0.933471,113.656410
Jacques_Chirac_,115253.000000,0.864720,144.162766
Jacques_Rogge_,101600.000000,0.758006,130.953651
Jada_Pinkett_Smith_,134730.000000,0.990457,107.783787
Jake_Gyllenhaal_,116797.000000,1.025465,107.407831
James_Blake_,121260.500000,0.839459,116.010166
James_Butts_,131652.333333,0.794443,136.359499
James_Caan_,132995.666667,0.502135,100.529791
James_Cameron_,159524.000000,1.056563,151.077509
James_Cunningham_,190736.000000,0.748329,112.276590
James_Franco_,107193.000000,0.779011,96.949736
James_Gandolfini_,96210.333333,0.559504,161.100555
James_Ivory_,110762.000000,0.979462,113.317402
James_Jones_,131288.500000,1.039207,120.031471
James_Kelly_,132530.166667,0.676457,95.776310
James_Kopp_,155097.000000,1.132412,126.185793
James_Maguire_,119163.000000,0.682303,115.852364
James_McGreevey_,103682.000000,1.120871,105.745628
James_Morris_,101306.000000,0.514226,115.687086
James_Parker_,112080.000000,0.770087,142.558338
James_Schultz_,102530.000000,0.613138,118.270140
James_Smith_,142461.500000,0.953041,96.429346
James_Traficant_,101400.500000,0.636180,143.519695
James_Wolfensohn_,102692.000000,0.614910,102.962786
Jamie_Villafane_,125655.000000,0.672117,102.352856
Jamling_Norgay_,156566.000000,0.777945,131.493093
Jan-Michael_Gambill_,79139.250000,0.522520,133.482281
Jan_Ullrich_,94102.666667,0.538073,132.739565
Jane_Fonda_,144147.000000,0.903898,157.103054
Jane_Kaczmarek_,142941.000000,0.935433,161.939856
Jane_Pauley_,92843.000000,0.746141,120.293999
Janet_Napolitano_,93383.000000,0.728408,141.067942
Janet_Thorpe_,117426.333333,0.783326,123.764914
Janica_Kostelic_,155485.000000,1.190633,142.274015
Jason_Alexander_,78870.333333,0.412176,121.300987
Jason_Jennings_,120953.333333,0.724449,129.164398
Jason_Kidd_,123851.500000,0.677858,122.382521
Jason_Lezak_,108976.750000,0.541301,136.912268
Javier_Solana_,104708.666667,0.642620,133.782284
Javier_Weber_,103313.666667,0.629888,151.718460
Jay_Garner_,88562.000000,0.631687,129.258080
Jay_Leno_,124743.000000,0.739423,112.594349
Jay_Rasulo_,131171.500000,0.610712,128.914385
Jayson_Williams_,140372.250000,0.842450,125.370224
Jean-Claude_Braquet_,127453.500000,0.562879,140.246481
Jean-Claude_Juncker_,93096.000000,0.790593,135.995079
Jean-Claude_Trichet_,92219.750000,0.557504,115.995760
Jean-David_Levitte_,98288.000000,0.715008,140.728836
Jean-Francois_Pontal_,123524.000000,0.676457,106.286274
Jean-Marc_de_La_Sabliere_,126093.500000,0.735947,123.000376
Jean-Pierre_Raffarin_,141768.000000,0.768476,132.657713
Jean-Sebastien_Giguere_,70458.000000,0.875608,93.819370
Jean_Brumley_,169583.000000,0.779905,115.810402
Jean_Carnahan_,116391.000000,0.864598,109.450609
Jean_Charest_,173878.000000,0.923769,115.277533
Jean_Chretien_,127381.750000,0.799290,123.746128
Jeanne_Moreau_,84803.000000,0.796586,126.300110
Jeb_Bush_,114967.000000,0.705708,102.694681
Jeff_Van_Gundy_,107930.000000,0.846844,131.062857
Jefferson_Perez_,149589.000000,0.968410,156.123095
Jeffrey_Archer_,101126.000000,0.698196,115.376406
Jeffrey_Immelt_,155982.000000,0.880607,132.361328
Jeffrey_Jones_,67961.500000,0.711667,125.555031
Jeffrey_Scott_Postell_,81116.000000,1.003744,145.397038
Jelena_Dokic_,148264.000000,0.788293,148.827745
Jennifer_Aniston_,163896.000000,0.824668,132.345423
Jennifer_Capriati_,124106.500000,0.865508,119.977486
Jennifer_Connelly_,123316.333333,0.936004,105.487494
Jennifer_Garner_,102202.000000,0.825163,130.258175
Jennifer_Keller_,149008.000000,0.768231,100.146215
Jennifer_Lopez_,141457.500000,0.866318,167.872652
Jennifer_Reilly_,103007.000000,0.719063,125.156002
Jennifer_Rodriguez_,104086.000000,1.096875,120.303141
Jennifer_Thompson_,134301.000000,0.713500,134.757929
Jeong_Se-hyun_,72337.000000,0.677900,140.212793
Jeremy_Greenstock_,113965.500000,0.872155,129.871620
Jeremy_Shockey_,116205.000000,1.007902,103.119499
Jerry_Falwell_,134820.500000,0.758306,96.139927
Jerry_Regier_,149631.000000,0.822075,104.978418
Jerry_Springer_,109614.000000,0.962084,109.308140
Jesse_Harris_,137899.000000,1.014424,129.830017
Jesse_Jackson_,91081.000000,0.508824,112.945358
Jesse_James_Leija_,101126.000000,0.980780,142.335196
Jesse_Ventura_,138901.000000,0.658859,109.726357
Jessica_Alba_,0.000000,0.888421,124.973644
Jessica_Lange_,98746.000000,0.701546,132.577221
Jessica_Lynch_,0.000000,0.776178,73.859180
Jia_Qinglin_,0.000000,0.930359,128.140337
Jiang_Zemin_,141566.500000,1.119537,128.432625
Jim_Carrey_,84930.000000,1.151220,128.413918
Jim_Edmonds_,66008.750000,0.409591,142.671865
Jim_Furyk_,134332.000000,0.821618,154.484806
Jim_Hahn_,111487.000000,0.691754,126.078463
Jim_Harrick_,98324.750000,0.595080,135.137632
Jim_OBrien_,110310.000000,0.737553,158.599907
Jim_Tressel_,127179.500000,0.972314,123.470160
Jimmy_Carter_,166142.000000,0.779583,103.986063
Jimmy_Kimmel_,113650.333333,0.643055,140.388369
Jiri_Novak_,127366.000000,0.814314,140.891891
Jo_Dee_Messina_,0.000000,0.754607,156.072952
Joan_Claybrook_,116905.000000,0.729809,118.459373
Joan_Laporta_,117863.400000,0.813310,144.158144
Job_Cohen_,125907.000000,0.989966,132.333466
Jodie_Foster_,130238.000000,0.934614,123.684774
Joe_Calzaghe_,93426.600000,0.423353,180.891994
Joe_Dumars_,157772.000000,0.815612,185.194555
Joe_Gatti_,113585.000000,0.686938,106.955671
Joe_Lieberman_,116031.000000,0.967475,119.311304
Joe_Mantello_,146647.000000,0.710336,142.368202
Joe_Nichols_,126563.000000,0.905717,147.791389
Joe_Torre_,88668.000000,0.682417,126.019676
Joerg_Haider_,147219.000000,1.036508,111.333231
John_Abizaid_,159928.000000,0.553221,124.730923
John_Allen_Muhammad_,171920.000000,0.576967,169.169975
John_Ashcroft_,118296.000000,0.849316,115.784828
John_Banko_,107301.000000,0.649319,138.485216
John_Blaney_,109512.000000,0.716552,100.463747
John_Bolton_,125007.500000,0.961261,132.346405
John_Brady_,68878.000000,0.594078,163.192003
John_Cusack_,108590.000000,0.787651,131.252567
John_Edwards_,115163.500000,0.925965,119.913660
John_F_Kennedy_Jr_,0.000000,0.898168,81.074509
John_Garamendi_,116408.000000,0.788088,119.352436
John_Howard_,81960.333333,0.873345,140.976336
John_Jumper_,138730.000000,0.999058,143.064999
John_Kerry_,128339.000000,0.817072,118.428539
John_Malkovich_,146415.000000,0.899689,86.018835
John_Manley_,143381.000000,0.784804,110.202963
John_Mayer_,143298.000000,0.855326,101.065804
John_McCain_,119333.000000,0.658250,100.566021
John_McCallum_,118208.500000,0.787070,125.151606
John_McCormack_,131383.500000,0.627679,110.693407
John_McEnroe_,107321.500000,0.766135,139.910938
John_Negroponte_,117747.500000,0.728186,132.175695
John_Paul_II_,128058.000000,0.680075,144.267626
John_Reid_,146405.666667,0.571444,97.275818
John_Reilly_,118599.000000,0.838403,107.050213
John_Rigas_,129440.000000,0.852997,160.183048
John_Rosa_,151425.000000,0.771899,149.217045
John_Rowland_,88348.000000,0.599224,94.998343
John_Ruiz_,114974.750000,0.521262,120.597864
John_Snow_,146259.000000,0.925939,176.922693
John_Spencer_,109593.250000,0.612344,124.525791
John_Stallworth_,111480.000000,0.645517,162.010708
John_Stockton_,106925.000000,0.663075,130.309410
John_Swofford_,146366.000000,0.911953,118.107492
John_Taylor_,129302.000000,0.725043,96.500063
John_Timoney_,101454.000000,0.634973,114.007662
John_Travolta_,147261.500000,1.022721,124.760281
John_Walsh_,100792.750000,0.732929,114.286640
John_Warner_,95925.000000,0.705559,93.557901
John_Wolf_,137164.000000,0.960651,96.236914
Johnny_Carson_,126489.000000,0.887122,142.548580
Johnny_Depp_,0.000000,0.802133,142.886364
Johnny_Tapia_,145869.000000,0.921336,113.719929
Johnny_Unitas_,134203.500000,0.922005,104.288176
Johnson_Panjaitan_,143996.000000,0.673332,129.144373
Jolanta_Kwasniewski_,0.000000,1.119228,125.578163
Jon_Corzine_,104904.000000,0.902962,156.507980
Jon_Gruden_,94535.333333,0.569118,146.852383
Jon_Voight_,101080.000000,0.838170,111.705490
Jonathan_Edwards_,81558.333333,0.392131,153.055313
Jonathan_Mostow_,95295.666667,0.674119,117.958324
Jong_Thae_Hwa_,0.000000,0.777579,175.567286
Jong_Wook_Lee_,124988.000000,0.954330,117.686787
Jorge_Arce_,96867.750000,0.535846,129.754644
Jorge_Batlle_,117111.333333,0.737713,113.709036
Jorge_Castaneda_,80833.750000,0.494761,104.062439
Jorge_Rodolfo_Canicoba_Corral_,112875.000000,0.932660,102.494101
Jorge_Valdano_,0.000000,0.645118,142.761255
Joschka_Fischer_,121473.000000,0.988944,79.853407
Jose_Canseco_,119804.000000,0.869320,126.163391
Jose_Dirceu_,132494.000000,0.628489,135.597414
Jose_Manuel_Durao_Barroso_,124444.000000,1.060907,100.890120
Jose_Maria_Aznar_,101246.500000,0.651450,139.087317
Jose_Mourinho_,89546.000000,0.846558,135.715559
Jose_Sarney_,91651.666667,0.377561,121.841820
Jose_Serra_,143344.333333,0.716746,148.919241
Jose_Theodore_,0.000000,0.922495,109.140007
Jose_Viegas_Filho_,129600.500000,0.678146,125.369364
Joseph_Biden_,147340.000000,1.121658,149.364128
Joseph_Blatter_,98950.000000,0.973854,96.504534
Joseph_Deiss_,90441.000000,0.727779,151.954351
Joseph_Estrada_,155689.333333,0.878374,134.238043
Joseph_Ralston_,161335.000000,0.960897,87.896154
Juan_Carlos_Ferrero_,111799.500000,0.514837,153.277205
Juan_Ignacio_Chela_,117621.000000,0.640953,155.909578
Juan_Manuel_Marquez_,117801.500000,0.606097,115.405025
Juan_Pablo_Montoya_,111440.000000,0.658852,134.551876
Juan_Valencia_Osorio_,113705.000000,0.710666,129.046888
Juanes_,103585.000000,0.791799,129.218254
Jude_Law_,128886.000000,0.758745,106.444485
Judi_Dench_,112063.000000,0.560709,105.869806
Judy_Genshaft_,119015.000000,0.854680,136.892593
Juergen_Peters_,133018.000000,0.784118,163.247200
Julia_Tymoshenko_,148708.000000,1.058696,77.498308
Julianna_Margulies_,118465.000000,0.908029,129.349600
Julianne_Moore_,111920.000000,0.836051,127.549183
Julie_Gerberding_,97981.500000,0.735139,141.447203
Julie_Taymor_,105101.500000,0.973837,117.380119
Julio_Iglesias_Jr_,112046.000000,0.792122,111.903282
Junichiro_Koizumi_,117847.000000,0.790149,131.853786
Justin_Gatlin_,89450.250000,0.445943,174.661301
Justin_Guarini_,126406.500000,0.688147,150.874050
Justin_Leonard_,110134.000000,0.689890,127.778973
Justin_Timberlake_,111892.333333,0.585966,99.360846
Justine_Henin_,133902.500000,0.764308,108.850733
Justine_Pasek_,125020.500000,0.796058,106.012684
Kalpana_Chawla_,123316.000000,0.692479,123.138287
Kamal_Kharrazi_,85313.833333,0.625070,126.428875
Karen_Mok_,97136.000000,0.832271,126.594381
Karin_Stoiber_,66548.000000,0.650534,155.609329
Kate_Capshaw_,0.000000,0.745025,131.748194
Kate_Hudson_,111907.500000,0.549999,130.449684
Kate_Winslet_,112326.000000,0.755009,109.010588
Katherine_Harris_,108286.000000,0.759142,146.187521
Kathleen_Glynn_,150717.000000,0.610431,137.710400
Kathleen_Kennedy_Townsend_,128027.000000,0.795053,114.940855
Kathryn_Bigelow_,138946.000000,0.876568,127.050848
Kathy_Winters_,0.000000,0.937737,106.185076
Katie_Harman_,156938.000000,0.958039,83.035387
Keanu_Reeves_,132354.000000,0.612048,145.794100
Keira_Knightley_,100365.333333,0.631768,115.331694
Keith_Bogans_,135804.000000,0.868528,134.444130
Kelli_White_,104323.750000,0.705587,166.280594
Kelly_Clarkson_,130665.000000,0.931613,118.761930
Kelvin_Sampson_,136028.000000,0.776186,153.550322
Kemal_Dervis_,108462.500000,0.671562,129.726944
Ken_Macha_,97636.000000,0.588267,133.470800
Ken_Watanabe_,133612.000000,0.888159,96.378298
Kenneth_Bowersox_,110006.333333,0.612023,98.268595
Kenneth_Branagh_,83356.714286,0.499797,95.658974
Kenneth_Evans_,0.000000,0.686818,138.996956
Kent_Rominger_,107592.200000,0.557445,129.111477
Kevin_Costner_,137822.000000,0.646144,153.344515
Kevin_Spacey_,142041.666667,0.759305,112.899534
Kevin_Stallings_,146854.000000,0.583381,145.543741
Kieran_Prendergast_,101841.000000,0.741290,124.883141
Kifah_Ajouri_,161661.000000,0.561321,157.820551
Kiki_Vandeweghe_,118690.500000,0.597356,115.199444
Kim_Clijsters_,95168.000000,0.786952,93.054449
Kim_Dae-jung_,115145.000000,0.779928,145.764294
Kim_Jin-sun_,141978.000000,0.847705,136.581442
Kim_Jong-Il_,118920.000000,0.953558,97.921761
Kim_Ryong-sung_,100289.400000,0.591938,112.660343
Kim_Yong-il_,127121.000000,0.842703,119.488361
Kimi_Raikkonen_,117466.333333,0.585201,156.488560
King_Abdullah_II_,163548.000000,0.811190,124.610737
Kirk_Ferentz_,121134.000000,0.800163,153.177811
Kirk_Johnson_,163167.000000,1.059519,143.333477
Kjell_Magne_Bondevik_,115546.000000,0.644243,132.578293
Klaus_Zwickel_,98015.000000,0.640183,137.786179
Kobe_Bryant_,115082.500000,1.128108,177.328150
Kofi_Annan_,115574.000000,0.843409,147.376953
Kosuke_Kitajima_,113423.500000,0.657062,139.614653
Kristanna_Loken_,102316.000000,0.588525,130.712114
Kristen_Breitweiser_,116041.500000,0.860328,110.482790
Kristin_Davis_,131318.000000,0.663269,116.542252
Kurt_Busch_,91499.000000,1.174304,172.793192
Kurt_Russell_,88129.000000,0.707826,117.197315
Kurt_Warner_,92706.000000,0.583176,135.345633
Kwon_Yang-sook_,155572.000000,0.904053,98.736254
LK_Advani_,147440.500000,0.647798,150.783113
Laila_Ali_,101276.000000,0.913269,133.230989
Lana_Clarkson_,83299.000000,0.954160,81.350296
Lance_Armstrong_,114392.000000,0.693908,139.402710
Lance_Bass_,122043.000000,0.578601,113.609421
Larry_Bowa_,88377.500000,0.753753,150.058554
Larry_Brown_,112168.666667,0.743737,149.308966
Larry_Coker_,88803.500000,0.577744,129.408453
Larry_Ellison_,134501.000000,0.506645,144.881832
Larry_Johnson_,110643.333333,0.580736,134.603401
Larry_Lindsey_,100073.000000,0.525326,127.572588
Larry_Lucchino_,144848.500000,0.868770,112.427597
Larry_Thompson_,106332.666667,0.808386,169.097353
Lars_Von_Trier_,124807.666667,0.641699,91.499462
Latrell_Sprewell_,75865.000000,0.546190,165.339380
Laura_Bush_,134642.000000,0.695211,133.751076
Laura_Hernandez_,131861.333333,0.749551,138.213472
Laura_Linney_,107546.000000,0.882926,96.457872
Lauren_Hutton_,112906.000000,0.702279,112.670156
Lauren_Killian_,60760.000000,0.963125,127.810139
Laurent_Gbagbo_,126599.000000,0.817583,160.336739
Laurent_Jalabert_,112238.000000,0.510641,125.456938
Lawrence_MacAulay_,119019.000000,0.815886,152.444147
LeAnn_Rimes_,124909.000000,0.781991,107.336687
LeBron_James_,94568.750000,0.524923,172.284061
Lea_Fastow_,100039.333333,0.534108,112.697222
Leander_Paes_,140495.000000,0.749424,164.397392
Lech_Walesa_,102805.000000,0.559414,85.663107
Lee_Hoi-chang_,151663.000000,0.854875,76.874784
Lee_Jun_,142878.500000,0.761433,88.855844
Lee_Soo-hyuck_,112195.000000,1.037423,159.837534
Lee_Tae-sik_,108231.000000,0.563084,92.484802
Leland_Chapman_,101920.000000,0.937763,169.173952
Len_Jenoff_,117289.000000,0.951500,130.623917
Lennox_Lewis_,71870.000000,0.572553,139.075638
Lenny_Wilkens_,95314.000000,0.815808,128.254387
Leon_LaPorte_,125444.000000,0.858960,107.704863
Leonard_Hamilton_,106267.000000,0.725198,159.738218
Leonardo_DiCaprio_,123881.500000,0.814563,122.225399
Leonid_Kuchma_,130015.666667,0.807693,114.928165
Lesley_McCulloch_,135309.500000,0.750648,133.650940
Leslie_Ann_Woodward_,93005.000000,0.876797,90.962780
Leslie_Caldwell_,129640.000000,0.723248,135.711180
Leslie_Moonves_,111043.200000,0.734275,96.248543
Leszek_Miller_,147226.000000,0.697278,96.004951
Li_Peng_,104863.000000,0.888978,148.682079
Li_Zhaoxing_,126541.000000,0.679814,123.929308
Liam_Neeson_,69958.666667,0.621733,107.836620
Lili_Taylor_,170009.500000,0.922330,108.442741
Lily_Tomlin_,0.000000,1.205304,103.091589
Lim_Dong-won_,92006.000000,0.728343,107.932665
Lina_Krasnoroutskaya_,109477.000000,1.022907,170.402880
Lindsay_Benko_,96231.000000,0.692750,96.097942
Lindsay_Davenport_,119955.000000,0.606305,157.954521
Lindsey_Graham_,55329.000000,0.538337,120.626547
Lino_Oviedo_,154936.000000,0.783016,133.826071
Lionel_Richie_,101017.000000,0.582226,158.416908
Lisa_Gottsegen_,146925.000000,0.928849,130.246546
Lisa_Ling_,159041.500000,1.078981,122.634533
Lisa_Marie_Presley_,122896.500000,0.904232,116.427965
Lisa_Raymond_,112115.000000,0.648210,141.127819
Liu_Mingkang_,131716.000000,0.637205,118.223625
Liza_Minnelli_,137904.333333,0.962151,124.321846
Lleyton_Hewitt_,152150.000000,0.821154,140.464327
Lloyd_Ward_,147819.000000,0.751930,134.276314
Lon_Kruger_,139853.500000,0.828975,153.201229
Lord_Hutton_,84509.000000,0.571174,94.125412
Lou_Piniella_,84631.250000,0.522677,152.768019
Luciano_Pavarotti_,0.000000,1.023306,146.611685
Lucio_Gutierrez_,101291.000000,0.558975,153.691362
Lucy_Liu_,127947.000000,0.971506,103.545837
Ludivine_Sagnier_,130193.000000,0.711698,113.885572
Luis_Ernesto_Derbez_Bautista_,102623.250000,0.508359,139.531813
Luis_Figo_,124293.000000,0.764388,172.927948
Luis_Gonzalez_Macchi_,88534.000000,0.450631,134.871563
Luis_Horna_,88567.000000,0.664929,159.191660
Luiz_Felipe_Scolari_,148801.000000,1.005623,148.420872
Luiz_Inacio_Lula_da_Silva_,127145.000000,0.853420,135.970537
Luke_Walton_,121726.000000,0.772935,147.021666
Lyle_Vanclief_,103415.000000,0.893258,101.232121
Lynn_Abraham_,88488.000000,0.588533,112.278992
Lynn_Redgrave_,0.000000,0.722515,116.844347
Lynne_Cheney_,148395.000000,0.801730,121.594238
Mack_Brown_,96011.000000,0.700721,100.153589
Madeleine_Albright_,102473.000000,0.965299,143.896833
Madonna_,125009.500000,1.047082,82.774015
Magdalena_Maleeva_,101124.500000,0.648711,147.942619
Maggie_Smith_,0.000000,0.752339,139.162098
Magui_Serna_,98691.000000,0.809032,136.381992
Mahathir_Mohamad_,90298.000000,0.673349,131.138109
Mahmoud_Abbas_,148674.000000,0.828595,105.428410
Makhdoom_Amin_Fahim_,116524.666667,0.700972,155.147839
Manfred_Stolpe_,123585.000000,0.627878,137.980461
Manuel_Poggiali_,148928.000000,0.955746,163.523582
Marat_Safin_,110469.000000,0.855709,133.353407
Marc-Andre_Fleury_,156798.000000,1.111318,115.330378
Marc_Grossman_,126419.000000,0.738377,99.850058
Marcelo_Ebrard_,68769.400000,0.540534,126.551739
Marcelo_Rios_,81692.500000,0.637797,148.984917
Marcelo_Salas_,103009.000000,0.588411,140.003941
Marco_Antonio_Barrera_,142544.500000,1.065184,122.312178
Marcus_Gronholm_,135968.000000,0.993776,79.791666
Margaret_Thatcher_,114352.666667,0.779447,55.853750
Maria_Luisa_Mendonca_,152239.000000,0.863427,145.697433
Maria_Shriver_,83102.000000,0.643042,129.711418
Maria_Soledad_Alvear_Valenzuela_,127748.000000,0.880239,108.488033
Mariah_Carey_,156721.000000,1.037157,116.011848
Mariana_Pollack_,0.000000,0.819960,137.695139
Mariangel_Ruiz_Torrealba_,118910.000000,0.785121,100.612202
Marie-Reine_Le_Gougne_,112755.750000,0.518694,119.375708
Marieta_Chrousala_,112749.000000,0.665946,117.698290
Marilyn_Monroe_,101542.000000,1.053608,131.792362
Marina_Anissina_,103772.000000,0.645494,124.132172
Mario_Cipollini_,97055.500000,0.662295,156.183416
Mario_Dumont_,132126.500000,0.694096,103.916428
Mario_Kreutzberger_,127735.500000,0.871876,146.129423
Marisa_Tomei_,138998.000000,0.956722,96.463808
Marissa_Jaret_Winokur_,86550.000000,0.640287,106.401848
Mark_Cuban_,126580.500000,0.719653,133.497070
Mark_Dacey_,0.000000,0.695268,111.827362
Mark_Geragos_,108355.666667,0.627788,139.058212
Mark_Gottfried_,119106.000000,0.838804,110.903742
Mark_Hamister_,142355.000000,0.755097,128.105293
Mark_Heller_,107990.000000,0.679647,145.968351
Mark_Hurlbert_,111696.666667,0.633259,131.721939
Mark_Philippoussis_,106486.000000,0.659214,151.137568
Mark_Richt_,133171.000000,0.722023,154.808516
Mark_Schweiker_,83692.250000,0.691286,143.151138
Mark_Wahlberg_,150889.000000,1.114834,117.864044
Mark_Warner_,84637.000000,0.972097,132.898567
Markus_Naslund_,113578.000000,0.421626,136.388760
Marlene_Weingartner_,108538.250000,0.361381,139.852829
Martha_Beatriz_Roque_,138222.000000,0.777172,167.648436
Martha_Bowen_,105724.000000,0.906833,137.572939
Martha_Burk_,133759.000000,0.521281,141.159920
Martha_Lucia_Ramirez_,135070.000000,0.938510,99.677195
Martha_Stewart_,139271.000000,0.873150,78.389439
Martin_Brodeur_,0.000000,0.727009,108.152946
Martin_Cauchon_,94138.500000,0.596385,112.915192
Martin_Hoellwarth_,0.000000,0.988245,125.386637
Martin_McCauley_,123728.000000,1.041855,117.846212
Martin_McGuinness_,96806.500000,0.680922,109.338451
Martin_Scorsese_,113118.000000,0.818299,125.395792
Martin_Sheen_,77415.000000,0.793641,85.294254
Martin_Verkerk_,147351.000000,0.681866,140.211493
Martina_Hingis_,71391.000000,0.880492,120.054432
Martina_McBride_,154810.000000,0.879632,98.585917
Marty_Mornhinweg_,124279.000000,0.803607,97.697212
Marwan_Barghouthi_,154660.000000,0.786178,171.744944
Mary-Kate_Olsen_,156722.000000,0.811373,127.819668
Mary_Carey_,127712.000000,0.949739,94.844406
Mary_Landrieu_,115342.000000,0.923351,123.763189
Mary_Steenburgen_,142209.000000,1.125983,119.427261
Mary_Tyler_Moore_,165757.000000,0.690867,142.747786
Masahiko_Nagasawa_,151576.666667,1.173373,130.011032
Masum_Turker_,120790.000000,0.745304,120.035561
Mathias_Reichhold_,122534.333333,0.690359,117.267225
Matt_Damon_,119581.000000,0.681577,105.612839
Matt_Dillon_,106067.000000,0.634967,133.075575
Matt_Doherty_,100048.600000,0.523119,147.009247
Matthew_Broderick_,89780.000000,0.699050,157.140226
Matthew_Perry_,103199.000000,0.787890,114.808830
Maureen_Fanning_,151284.000000,0.723294,92.040531
Max_Mayfield_,106490.500000,0.568864,142.242064
Megan_Mullally_,125271.000000,0.851927,138.116444
Megawati_Sukarnoputri_,121362.666667,0.726771,127.780083
Meghann_Shaughnessy_,147901.000000,0.686952,157.143648
Mel_Brooks_,127843.000000,0.615101,112.066111
Mel_Gibson_,111008.000000,0.800814,138.955908
Melanie_Griffith_,134160.000000,0.828738,113.437843
Melissa_Etheridge_,148263.000000,1.109660,100.175749
Meryl_Streep_,102442.500000,0.777354,88.573177
Mesut_Yilmaz_,130012.500000,1.015757,162.972952
Mian_Khursheed_Mehmood_Kasuri_,97717.000000,0.794331,102.266180
Michael_Ballack_,115514.500000,0.621865,132.934696
Michael_Bloomberg_,128848.000000,0.819356,88.910538
Michael_Caine_,164348.000000,0.669613,152.154303
Michael_Capellas_,154746.000000,0.918838,125.729868
Michael_Chang_,132784.000000,0.689619,133.273125
Michael_Chiklis_,114192.000000,0.712395,120.191969
Michael_Douglas_,126592.000000,0.676270,99.257977
Michael_J_Sheehan_,91024.250000,0.659981,101.615616
Michael_Jackson_,130025.000000,0.940134,158.991962
Michael_Jordan_,115188.000000,0.704351,154.651716
Michael_Keaton_,97072.000000,0.877714,124.436216
Michael_Kostelnik_,0.000000,0.827808,132.153231
Michael_Leavitt_,103669.000000,0.574552,138.808119
Michael_Moore_,124685.000000,0.984132,102.587254
Michael_Patrick_King_,138848.000000,1.163935,117.398970
Michael_Phelps_,121369.333333,0.882005,116.494289
Michael_Powell_,128968.000000,0.886808,92.210308
Michael_Schumacher_,136587.500000,0.981460,147.958088
Michael_Sullivan_,130567.500000,0.787824,124.658083
Michael_Winterbottom_,139804.000000,0.781088,121.484760
Michel_Duclos_,103220.666667,0.609734,122.750885
Michel_Temer_,60053.000000,0.697582,126.299398
Michel_Therrien_,107599.000000,0.928020,125.797701
Michelle_Branch_,127943.000000,0.967946,109.249214
Michelle_Collins_,107390.000000,0.724398,154.097607
Michelle_Kwan_,94814.666667,0.663170,154.574625
Michelle_Pfeiffer_,128783.000000,0.969056,131.113779
Michelle_Rodriguez_,159017.000000,0.738643,135.192171
Michelle_Yeoh_,105776.000000,0.871915,103.869522
Mick_Jagger_,131988.000000,1.024781,133.303026
Miguel_Contreras_,0.000000,0.953470,140.483267
Miguel_Estrada_,133179.000000,1.004892,128.241724
Mike_Babcock_,130732.000000,0.753885,139.865274
Mike_Brey_,132631.000000,0.709770,104.864885
Mike_Helton_,111116.666667,0.752205,111.825548
Mike_Holmgren_,102176.000000,0.746133,100.664663
Mike_Krzyzewski_,145403.000000,0.673616,140.631485
Mike_Martz_,125773.333333,0.719163,117.416986
Mike_Miller_,138248.000000,0.610386,163.706463
Mike_Montgomery_,86125.600000,0.733803,115.500624
Mike_Myers_,103763.000000,0.555768,153.831949
Mike_Price_,109114.000000,0.584655,136.968548
Mike_Scioscia_,120294.333333,0.663322,138.484068
Mike_Tyson_,92154.500000,0.600539,142.940193
Mike_Weir_,115168.000000,0.828189,137.919741
Mikhail_Gorbachev_,126481.000000,0.680947,102.567957
Mikhail_Kasyanov_,119681.000000,0.744777,90.975363
Mikhail_Wehbe_,114936.500000,0.868976,119.218052
Mikhail_Youzhny_,108639.000000,0.684398,132.213072
Mikulas_Dzurinda_,101843.000000,0.881179,134.588102
Milo_Djukanovic_,93016.000000,0.562812,163.817396
Milo_Maestrecampo_,115420.000000,0.552620,182.726763
Minnie_Driver_,130344.000000,1.035414,113.150404
Mireya_Moscoso_,108566.333333,0.613565,154.417608
Miroljub_,101716.500000,0.566707,143.895384
Mitchell_Daniels_,158884.000000,0.837120,116.125534
Mitoji_Yabunaka_,0.000000,0.905575,121.048914
Miyako_Miyazaki_,138209.000000,0.889591,134.817434
Mohamed_Benaissa_,114638.000000,0.790959,131.862734
Mohamed_ElBaradei_,144416.000000,0.894892,135.370728
Mohammad_Khatami_,105970.000000,0.618192,144.869171
Mohammed_Al-Douri_,106393.000000,0.751027,113.560637
Mohammed_Baqir_al-Hakim_,62890.000000,0.533739,101.725876
Monica_Bellucci_,108765.000000,0.898081,103.328548
Monica_Lewinsky_,143487.500000,0.945284,129.816135
Monica_Seles_,110091.333333,0.603448,156.466658
Monique_Garbrecht-Enfeldt_,98531.000000,0.813269,142.346819
Morgan_Freeman_,111342.000000,0.988675,139.908129
Moshe_Katsav_,87858.500000,0.533473,152.154280
Muammar_Gaddafi_,112201.000000,1.040028,170.491199
Muhammad_Ali_,132921.000000,0.903051,147.172686
Muhammad_Saeed_al-Sahhaf_,147458.000000,0.572242,78.930162
Mukesh_Ambani_,110789.500000,0.799448,109.483009
Munir_Akram_,127731.500000,0.741786,138.231022
Nabil_Shaath_,110575.500000,0.667840,93.075644
Nadia_Petrova_,127602.000000,0.961932,171.864552
Nadine_Vinzens_,118624.000000,0.770577,128.102861
Naji_Sabri_,125354.000000,0.553883,137.642345
Nan_Wang_,150301.000000,0.867485,108.524664
Nancy_Demme_,116473.500000,0.572525,111.529146
Nancy_Pelosi_,111255.000000,0.954334,134.936544
Nancy_Reagan_,123709.000000,0.784899,107.916550
Nancy_Sinatra_,132415.000000,0.781917,121.628380
Nanni_Moretti_,161795.000000,0.675362,155.862316
Naomi_Campbell_,0.000000,0.711533,153.573368
Naomi_Watts_,119111.750000,0.775326,83.510283
Naoto_Kan_,125877.000000,0.778221,130.764788
Nasser_al-Kidwa_,129440.500000,0.923376,150.272015
Nastassia_Kinski_,0.000000,1.021537,111.034651
Natalie_Cole_,0.000000,0.831689,176.092106
Natalie_Coughlin_,118608.000000,0.800684,123.251488
Natalie_Maines_,161189.000000,1.096441,133.384968
Natasha_McElhone_,140195.500000,1.044523,97.698242
Nathalie_Baye_,152042.000000,0.940388,106.783707
Nathan_Lane_,0.000000,0.776271,152.010431
Nebojsa_Pavkovic_,0.000000,0.743109,158.127632
Nelson_Mandela_,123788.000000,0.763419,181.808594
Neri_Marcore_,93051.000000,0.567562,99.517326
Nestor_Kirchner_,93301.000000,0.664175,127.996958
Nia_Vardalos_,112704.000000,0.674835,127.356308
Nicanor_Duarte_Frutos_,111005.000000,1.031202,89.245514
Nicholas_Byron_,124660.000000,0.517596,143.304186
Nicholas_Tse_,141686.500000,0.698230,140.700127
Nick_Nolte_,109674.500000,0.785130,150.772701
Nicolas_Cage_,116051.500000,0.849633,133.315458
Nicolas_Escude_,108474.200000,0.658888,150.985867
Nicolas_Lapentti_,100330.000000,0.723901,155.998173
Nicole_Kidman_,125276.333333,0.757889,109.917881
Nikki_Reed_,172061.000000,1.132708,120.103020
Noah_Wyle_,178266.000000,0.936563,115.929195
Noelle_Bush_,108415.666667,0.580054,148.145147
Nora_Bendijo_,153164.000000,0.855998,142.059313
Norah_Jones_,138720.000000,0.705952,178.748903
Norm_Coleman_,86489.500000,0.777526,114.753799
Norman_Jewison_,106757.250000,0.640818,128.852745
Norodom_Sihanouk_,137720.000000,0.590998,161.227730
Nursultan_Nazarbayev_,156509.000000,0.620202,122.828737
OJ_Simpson_,0.000000,0.686317,124.221573
Oleksandr_Moroz_,106728.333333,0.568962,96.795931
Olesya_Bonabarenko_,83210.000000,0.866191,121.396488
Olivia_Newton-John_,128301.000000,0.819336,115.209692
Omar_Sharif_,125388.000000,0.565896,132.503294
Oprah_Winfrey_,162337.000000,1.018044,138.418213
Orlando_Bloom_,71734.000000,0.892145,126.783791
Orrin_Hatch_,120640.000000,0.924676,148.132227
Osama_bin_Laden_,106488.500000,0.747188,143.105993
Oscar_De_La_Hoya_,123694.000000,0.927976,118.660435
Oscar_Elias_Biscet_,111071.500000,0.465959,154.749512
Oswaldo_Paya_,94077.400000,0.536020,159.995354
Owen_Wilson_,100967.500000,0.621821,115.104284
Oxana_Fedorova_,134425.500000,0.848538,121.635538
Ozzy_Osbourne_,116768.000000,0.821851,123.953037
Padraig_Harrington_,100665.600000,0.408591,138.871439
Pamela_Anderson_,106647.333333,0.586529,136.330233
Paradorn_Srichaphan_,113651.000000,0.523616,131.015438
Paris_Hilton_,132260.000000,0.740640,110.680912
Parris_Glendening_,98415.000000,0.590186,138.575970
Pascal_Lamy_,96710.500000,0.658907,127.179201
Pascal_Quignard_,167572.000000,0.844152,103.690086
Pat_Burns_,103870.500000,0.631930,131.787760
Pat_Cox_,111267.000000,0.886433,157.504002
Patrice_Chereau_,120378.000000,0.860351,112.774048
Patricia_Clarkson_,149131.000000,0.806169,140.872585
Patricia_Heaton_,103562.000000,0.960006,96.544188
Patrick_Ewing_,150346.666667,0.660161,182.769598
Patrick_Leahy_,0.000000,0.811695,87.909058
Patrick_McEnroe_,106109.000000,0.497002,139.868095
Patrick_Roy_,120389.000000,0.753073,126.213642
Patrick_Stewart_,150665.000000,0.918231,134.665907
Patti_Labelle_,141298.000000,0.597874,135.927462
Patty_Schnyder_,116226.500000,0.562330,152.597731
Paul-Henri_Mathieu_,75165.000000,0.589284,139.882236
Paul_Bremer_,118311.000000,0.754019,159.308472
Paul_Burrell_,176740.000000,0.926643,140.718218
Paul_Byrd_,123826.000000,0.701654,134.527149
Paul_Coppin_,0.000000,0.493995,178.017248
Paul_Gascoigne_,122105.333333,0.851620,138.671957
Paul_Hogan_,134234.000000,0.643325,152.411602
Paul_Kagame_,129979.750000,0.748616,143.737490
Paul_Martin_,92672.500000,0.604283,125.377068
Paul_McCartney_,92239.000000,0.572145,107.819492
Paul_McNulty_,124987.333333,0.856327,104.291731
Paul_ONeill_,85621.333333,0.572159,113.357075
Paul_Patton_,82782.000000,0.751644,127.391214
Paul_Pierce_,154522.000000,0.657191,163.912659
Paul_Sarbanes_,104190.000000,0.656858,120.367182
Paul_Shanley_,106477.000000,0.834786,142.955221
Paul_Tagliabue_,135681.666667,1.008603,111.135798
Paul_Wellstone_,84408.333333,0.924594,120.140457
Paul_William_Hurley_,146536.000000,0.929589,134.178091
Paul_Wolfowitz_,119374.000000,0.744959,147.432489
Paula_Radcliffe_,92044.000000,0.959710,123.973816
Paula_Zahn_,132763.500000,0.746654,126.209143
Paulo_Cesar_Pinheiro_,110924.500000,0.562302,163.121475
Pedro_Almodovar_,141383.000000,0.734749,113.723543
Pedro_Malan_,152938.000000,0.794691,137.557068
Pedro_Solbes_,68844.500000,0.582656,122.530764
Penelope_Ann_Miller_,117012.000000,0.774031,130.853683
Penelope_Cruz_,110325.500000,0.874662,104.771254
Pervez_Musharraf_,115516.500000,0.892656,101.285713
Pete_Carroll_,110328.250000,0.655524,102.409403
Pete_Rose_,96105.500000,0.514022,106.761131
Pete_Sampras_,76692.333333,0.611296,154.043699
Peter_Arnett_,118717.000000,0.662347,147.366928
Peter_Bacanovic_,96584.333333,0.489087,163.115568
Peter_Costello_,75551.000000,0.789263,95.308270
Peter_Greenaway_,93149.600000,0.701822,126.655704
Peter_Harrison_,109850.000000,0.835847,148.393583
Peter_Hillary_,107967.000000,0.618970,116.124933
Peter_Struck_,98332.000000,0.768015,139.752428
Petria_Thomas_,89890.000000,0.622076,132.890062
Petro_Symonenko_,151117.000000,0.952282,131.644138
Phan_Van_Khai_,115251.000000,0.693212,125.896307
Phil_Gramm_,126624.000000,1.054534,140.350073
Phil_Mickelson_,114777.000000,1.010880,129.595354
Phil_Vassar_,101191.000000,0.472184,150.618725
Philippe_Noiret_,81633.333333,0.563613,138.125570
Pierce_Brosnan_,147531.000000,0.901678,130.400766
Pierre_Boulanger_,113255.500000,0.990062,118.793190
Pierre_Pettigrew_,88193.000000,0.801703,110.128813
Placido_Domingo_,93023.000000,0.948153,136.146292
Prince_Charles_,123168.000000,0.985312,82.191851
Prince_Claus_,107519.666667,0.598841,85.591797
Prince_Edward_,90396.600000,0.658220,129.312857
Prince_Harry_,107956.500000,0.603210,101.932467
Prince_Naruhito_,0.000000,0.925917,108.566364
Prince_Willem-Alexander_,119715.500000,0.535195,146.513058
Prince_William_,160833.000000,0.778699,99.841574
Princess_Aiko_,124400.500000,1.058801,90.225090
Princess_Anne_,117876.000000,0.600552,112.910458
Princess_Caroline_,141836.000000,0.894191,155.932596
Princess_Elisabeth_,122733.000000,0.877771,103.365709
Princess_Masako_,106620.500000,0.505865,140.604565
Priscilla_Owen_,141506.000000,0.885520,125.716915
Priscilla_Presley_,0.000000,0.850342,118.517384
Pupi_Avati_,86042.500000,0.807821,71.149258
Queen_Beatrix_,135934.000000,0.793037,79.140343
Queen_Elizabeth_II_,128805.500000,0.883857,130.838799
Queen_Latifah_,147796.500000,0.846529,101.168663
Queen_Rania_,122149.666667,0.736711,97.118563
Rachel_Griffiths_,126383.000000,0.913614,127.734531
Rachel_Hunter_,113797.500000,0.940844,127.910940
Rafael_Ramirez_,131899.000000,0.925439,114.116333
Raghad_Saddam_Hussein_,102176.000000,0.827344,120.150646
Rainer_Schuettler_,93307.000000,0.670703,129.835850
Ralf_Schumacher_,92954.000000,0.874825,138.477045
Ralph_Firman_,105531.000000,0.560707,116.287188
Ralph_Klein_,114327.500000,0.725798,105.757921
Ralph_Lauren_,141366.500000,0.951810,111.093311
Ranil_Wickremasinghe_,133708.333333,0.897828,150.541637
Raoul_Ruiz_,137691.000000,0.746808,97.422424
Raquel_Welch_,0.000000,0.854046,126.642296
Ray_Allen_,136595.500000,0.736619,158.993584
Ray_Nagin_,68776.000000,0.454424,114.794228
Ray_Romano_,128610.500000,0.752238,132.503702
Raymond_Odierno_,0.000000,0.912988,129.734074
Rebecca_Romijn-Stamos_,120528.500000,1.111180,134.631866
Rebekah_Chantay_Revels_,145839.000000,0.801930,98.139740
Recep_Tayyip_Erdogan_,102335.000000,0.639855,121.559637
Reese_Witherspoon_,137809.000000,0.685940,120.749447
Reggie_Miller_,92570.000000,0.625367,144.177017
Renee_Zellweger_,87121.000000,0.921885,97.526260
Ricardo_Lagos_,144299.000000,1.139843,106.456919
Ricardo_Lopez_Murphy_,129707.250000,0.767832,119.083946
Ricardo_Maduro_,92773.000000,0.740686,174.927441
Ricardo_Monasterio_,109853.666667,0.654141,124.312984
Ricardo_Sanchez_,75099.000000,0.546688,158.553797
Rich_Gannon_,75571.000000,0.520179,130.636349
Richard_Armitage_,118280.500000,0.868208,83.966434
Richard_Branson_,81970.000000,0.528095,120.856390
Richard_Butler_,111120.666667,0.730158,135.534599
Richard_Crenna_,132527.333333,0.882454,104.090977
Richard_Gephardt_,123374.000000,0.667957,154.398552
Richard_Gere_,143101.000000,0.823283,111.807276
Richard_Haass_,63713.000000,0.557225,134.667017
Richard_Krajicek_,133705.000000,0.946373,159.557150
Richard_Myers_,93403.000000,0.860579,108.130594
Richard_Norton-Taylor_,95878.000000,0.485653,131.313662
Richard_Sambrook_,62236.333333,0.509937,135.878204
Richard_Shelby_,97240.000000,0.954082,117.656506
Richard_Virenque_,114360.000000,0.888744,145.089710
Richie_Adubato_,74350.666667,0.788365,125.956612
Rick_Barnes_,91277.500000,0.715878,115.575882
Rick_Carlisle_,109480.333333,0.686640,112.683754
Rick_Dinse_,91992.000000,0.664390,138.418758
Rick_Perry_,76434.000000,0.942145,104.392797
Rick_Pitino_,108499.000000,0.792762,158.462343
Rick_Romley_,161099.000000,0.836667,102.835426
Rick_Santorum_,137298.000000,0.681409,138.617378
Rick_Stansbury_,132084.000000,0.619226,129.800907
Rick_Wagoner_,142095.000000,0.899094,110.629522
Ricky_Barnes_,123740.600000,0.573616,123.249537
Ricky_Martin_,123712.000000,0.574063,145.937202
Ricky_Ponting_,153407.000000,0.996540,167.148937
Rio_Ferdinand_,99093.333333,0.504583,148.866665
Rita_Grande_,85279.500000,0.597902,139.579372
Rita_Moreno_,123737.000000,0.966269,119.922026
Rita_Wilson_,158652.000000,0.825557,127.177862
Rob_Lowe_,167002.000000,0.902024,119.873867
Rob_Marshall_,138115.500000,0.953304,116.935471
Rob_Schneider_,142220.000000,0.959226,142.099918
Robbie_Fowler_,103888.500000,0.564366,135.423321
Robbie_Williams_,97683.000000,0.625032,106.963221
Robby_Ginepri_,138013.000000,0.856124,151.588156
Robert_Blackwill_,98278.000000,0.538690,125.577505
Robert_Blake_,120581.000000,0.836053,158.539522
Robert_Bonner_,116302.000000,0.669842,127.258482
Robert_Bullock_,146591.000000,0.697302,112.257526
Robert_DeFraites_,131243.666667,0.723015,125.586296
Robert_De_Niro_,93097.000000,0.910286,106.896355
Robert_Duvall_,132049.000000,0.750626,104.915218
Robert_Ehrlich_,75105.333333,0.525545,96.774654
Robert_Evans_,150253.000000,0.741812,127.887884
Robert_Fico_,95414.000000,0.658879,111.786661
Robert_Horan_,138721.000000,0.818055,105.991077
Robert_Kocharian_,112211.000000,0.657036,118.661814
Robert_Mueller_,78681.750000,0.688921,118.370188
Robert_Mugabe_,137372.000000,0.669839,163.512342
Robert_Redford_,93498.500000,0.717167,133.362286
Robert_Stack_,0.000000,0.867337,147.584330
Robert_Torricelli_,122307.000000,0.610027,156.829779
Robert_Witt_,104815.500000,0.940519,125.103123
Robert_Zoellick_,132833.000000,0.633976,129.725418
Roberto_Benigni_,0.000000,0.997316,124.536509
Roberto_Carlos_,112743.500000,0.602637,159.962458
Roberto_Marinho_,83843.000000,0.640080,113.928108
Robin_Cook_,125358.000000,0.854756,135.692913
Robin_McLaurin_Williams_,0.000000,0.856883,70.975229
Robinson_Stevenin_,128780.000000,0.723068,113.963175
Rod_Blagojevich_,133798.000000,0.729076,109.069214
Rod_Stewart_,125200.000000,0.876644,110.690664
Rodrigo_Borja_,121365.857143,0.640337,132.574516
Roger_Clemens_,0.000000,0.734547,155.198437
Roger_Federer_,113437.000000,0.587104,152.995701
Roger_Moore_,124917.500000,0.618039,107.193819
Rogerio_Romero_,106754.500000,0.782614,136.398853
Roh_Moo-hyun_,135580.000000,1.073359,114.405704
Rolandas_Paksas_,100793.333333,0.787747,89.929466
Rolf_Eckrodt_,108079.000000,0.601023,121.582367
Roman_Polanski_,139336.000000,0.769745,85.578955
Romano_Prodi_,87716.000000,0.845981,143.509758
Ron_Dittemore_,132038.000000,0.982323,131.449083
Ron_Howard_,0.000000,0.881514,99.454741
Ronald_Reagan_,113467.000000,0.568359,154.305000
Ronaldo_Luis_Nazario_de_Lima_,138233.000000,0.945695,109.504185
Roseanne_Barr_,130429.000000,0.813950,107.665571
Rosemarie_Stack_,0.000000,0.948780,149.374908
Roy_Jones_Jr_,106109.000000,0.617413,157.731163
Roy_Moore_,121676.000000,0.992815,131.252180
Roy_Williams_,118516.000000,0.722139,142.703520
Ruben_Studdard_,0.000000,0.664093,164.154078
Rubens_Barrichello_,106468.000000,0.703429,111.523405
Rudolph_Giuliani_,108850.000000,0.645233,124.129551
Rupert_Grint_,0.000000,0.828220,97.829607
Rupert_Murdoch_,104757.000000,0.774565,107.496616
Russell_Coutts_,132640.000000,0.646680,150.031906
Russell_Crowe_,135307.400000,0.777439,97.781349
Russell_Simmons_,128553.000000,0.983605,145.809080
Ruth_Dreifuss_,0.000000,1.037987,128.059069
Ruth_Harlow_,118416.000000,0.764551,117.125189
S_Jayakumar_,92659.000000,0.740076,167.090204
Saburo_Kawabuchi_,138774.000000,0.478232,119.256708
Sachiko_Yamada_,125346.000000,0.802298,128.359287
Saddam_Hussein_,118858.000000,0.798055,159.587341
Sadie_Frost_,99013.000000,0.794166,105.986902
Saeb_Erekat_,100904.333333,0.779715,129.128506
Sally_Field_,106369.500000,0.688969,113.392057
Sally_Kirkland_,140540.000000,0.829561,134.466341
Sally_Ride_,99949.000000,0.842686,106.459501
Salma_Hayek_,127103.000000,0.872308,128.830578
Salman_Rushdie_,95515.857143,0.544619,128.037354
Sam_Bith_,92557.000000,0.577954,122.602674
Sam_Mendes_,146645.000000,1.082763,139.032904
Sam_Torrance_,141960.500000,0.812037,166.861406
Samira_Makhmalbaf_,136949.000000,0.863021,127.495907
Sammy_Sosa_,92942.500000,0.642538,164.977423
Samuel_Waksal_,101868.000000,0.938781,150.015263
Sandra_Bullock_,142529.000000,0.805363,84.303221
Saparmurat_Niyazov_,105497.000000,0.859699,122.989470
Sarah_Hughes_,140254.333333,0.757864,166.676029
Sarah_Jessica_Parker_,81434.500000,0.651791,108.839544
Sarah_Michelle_Gellar_,110850.500000,0.421010,107.647547
Scott_McClellan_,128548.000000,0.619948,134.232012
Scott_McNealy_,101467.333333,0.545345,130.182014
Scott_Peterson_,74632.666667,0.476636,147.720371
Scott_Ritter_,75446.333333,0.636944,129.176575
Scott_Rudin_,143498.000000,0.811482,121.638704
Scott_Sullivan_,112981.000000,0.673455,119.365215
Scott_Wolf_,94770.000000,0.782111,92.111271
Sean_Astin_,141763.000000,0.858108,127.260912
Sean_Hayes_,136146.000000,0.977051,115.125242
Sean_OKeefe_,107588.000000,0.775046,138.238222
Sean_Patrick_OMalley_,125491.000000,0.716138,122.473835
Sean_Penn_,92212.333333,0.487017,121.538118
Sebastian_Saja_,122293.500000,0.590774,174.271227
Sebastien_Grosjean_,111531.666667,0.742222,141.954742
Sepp_Blatter_,91480.500000,0.774447,150.909788
Serena_Williams_,115991.000000,0.730030,131.243294
Sergei_Ivanov_,100161.000000,0.578242,114.789001
Sergey_Lavrov_,92533.000000,0.646025,135.777931
Sergio_Garcia_,99707.400000,0.620643,138.736622
Sergio_Vieira_De_Mello_,137814.000000,1.012792,118.995779
Shane_Mosley_,94339.000000,0.688401,180.030302
Shane_Warne_,80741.000000,0.580984,157.699007
Shannon_OBrien_,116588.000000,0.730564,126.425596
Sharon_Davis_,130348.000000,0.792435,120.323622
Sharon_Frey_,137877.500000,0.732335,120.939781
Sharon_Osbourne_,130961.000000,0.936879,131.547255
Sharon_Stone_,91345.000000,0.659181,128.548912
Shaukat_Aziz_,88426.500000,0.717971,127.443472
Shaul_Mofaz_,113670.000000,0.659828,125.155005
Sheila_Copps_,0.000000,1.029781,113.611498
Sheila_Fraser_,118021.000000,0.801071,96.036673
Sheila_Wellstone_,139219.000000,0.755099,145.912466
Sheryl_Crow_,120615.000000,0.837517,143.710981
Shia_LaBeouf_,109370.333333,0.772849,121.058750
Shimon_Peres_,100172.333333,0.598991,131.669056
Sila_Calderon_,115911.000000,0.792172,128.666750
Silvan_Shalom_,82168.000000,0.690892,114.003654
Silvia_Farina_Elia_,125431.000000,0.810200,124.259590
Silvio_Berlusconi_,96110.800000,0.482112,141.425310
Silvio_Fernandez_,153497.000000,0.814229,181.229698
Simon_Cowell_,120265.000000,1.016761,105.050587
Slobodan_Milosevic_,75645.666667,0.597815,106.340990
Sonia_Gandhi_,119637.333333,0.851364,135.655766
Sophia_Loren_,122708.000000,0.875302,106.697878
Sourav_Ganguly_,107851.000000,0.706941,184.086550
Spencer_Abraham_,115533.000000,0.817176,105.231436
Stacy_Dragila_,134420.666667,0.657590,121.336412
Stan_Heath_,83996.500000,0.649895,168.506012
Stanley_McChrystal_,117370.500000,0.693195,115.551481
Stanley_Tong_,132414.000000,0.991183,105.863306
Stefano_Accorsi_,115978.000000,0.711037,126.593040
Steffi_Graf_,145016.000000,0.704937,165.983944
Stellan_Skarsgard_,103898.666667,0.646323,105.809832
Stephen_Ambrose_,114829.000000,0.624475,125.378653
Stephen_Daldry_,128612.000000,0.964754,128.217571
Stephen_Friedman_,129249.833333,0.526825,114.378870
Steve_Backley_,116482.166667,0.461575,172.540049
Steve_Ballmer_,146258.333333,0.866601,89.335369
Steve_Lavin_,94296.857143,0.525115,125.026857
Steve_Mariucci_,119515.000000,0.904146,145.664370
Steve_Nash_,118669.000000,0.685190,141.521730
Steve_Park_,123677.500000,0.679692,130.624668
Steve_Spurrier_,130740.000000,0.746671,134.906231
Steve_Waugh_,127405.000000,0.708096,77.996265
Steven_Hatfill_,83548.500000,0.471176,94.242706
Steven_Seagal_,102140.000000,0.712560,92.925171
Steven_Spielberg_,96920.000000,0.988253,101.137987
Stockard_Channing_,108149.000000,1.027337,143.277069
Strom_Thurmond_,120139.000000,0.991049,108.910566
Sue_Wicks_,117400.333333,0.624994,129.347038
Surakait_Sathirathai_,0.000000,0.898037,111.784142
Susan_Collins_,123490.000000,1.052866,142.171215
Susan_Sarandon_,141845.000000,1.090396,113.043293
Susie_Castillo_,159099.000000,0.802206,150.848402
Susilo_Bambang_Yudhoyono_,120931.000000,0.632538,131.949497
Suzanne_Gaudet_,131660.000000,0.886601,107.633329
Svetlana_Koroleva_,119569.500000,0.693794,99.092424
Sylvester_Stallone_,97887.666667,0.629530,121.488613
Taha_Yassin_Ramadan_,154735.000000,0.610336,109.448725
Takashi_Sorimachi_,164176.000000,0.777530,129.141411
Tamara_Brooks_,109745.000000,0.896934,151.911581
Tammy_Lynn_Michaels_,149162.000000,0.942818,116.072886
Tang_Jiaxuan_,153095.333333,0.882439,115.549301
Tariq_Aziz_,114759.000000,0.730657,147.104977
Tassos_Papadopoulos_,113924.000000,0.682335,127.062315
Taufik_Hidayat_,106022.000000,0.715141,142.871639
Ted_Maher_,142560.000000,0.907398,90.882114
Terje_Roed-Larsen_,96372.000000,0.749211,138.221579
Terrell_Suggs_,104087.000000,0.483303,180.443806
Terry_McAuliffe_,138898.000000,0.778350,131.674297
Terry_Stotts_,113717.000000,0.986793,126.190260
Thabo_Mbeki_,118910.000000,0.847891,159.455530
Thaksin_Shinawatra_,101209.000000,0.856483,144.693865
Theo_Epstein_,97225.666667,0.773474,159.051147
Theodore_Tweed_Roosevelt_,77642.000000,0.788084,115.024456
Theresa_May_,134285.000000,0.579482,139.571337
Thierry_Falise_,112256.000000,0.783558,106.601418
Thomas_Birmingham_,116946.000000,0.934099,135.588263
Thomas_Bjorn_,150048.000000,1.114519,149.813023
Thomas_Fargo_,111979.000000,1.000143,130.246145
Thomas_Malchow_,123354.333333,0.589940,146.858604
Thomas_OBrien_,119802.000000,0.774698,126.038651
Thomas_Rupprath_,103135.333333,0.588133,136.699364
Thomas_Wyman_,108693.000000,0.913133,148.193993
Tiger_Woods_,102658.000000,0.941794,153.198954
Tim_Allen_,131825.500000,0.955718,85.453497
Tim_Chapman_,145331.000000,0.879230,153.237518
Tim_Conway_,120661.000000,0.852550,126.084944
Tim_Curry_,171330.000000,0.903226,116.912737
Tim_Duncan_,81598.000000,0.577547,156.268354
Tim_Floyd_,153704.500000,0.905632,145.835388
Tim_Henman_,74511.000000,0.562339,144.800673
Tim_Robbins_,92245.250000,0.540474,92.963238
Tippi_Hedren_,155317.000000,0.786055,106.256948
Todd_Haynes_,114717.000000,0.816465,128.294184
Tom_Brady_,110624.666667,0.636955,124.367434
Tom_Coverdale_,120760.500000,0.623187,148.361986
Tom_Craddick_,149270.000000,1.055699,154.212128
Tom_Crean_,109397.000000,0.543682,137.680357
Tom_Cruise_,112870.000000,0.855990,92.999598
Tom_Daschle_,101836.500000,0.683279,111.584124
Tom_Glavine_,113470.000000,0.900532,101.814058
Tom_Hanks_,106893.333333,0.797639,140.099470
Tom_Harkin_,125401.000000,0.998673,161.113688
Tom_Jones_,0.000000,0.754593,149.608770
Tom_Reilly_,107994.500000,0.865874,147.368977
Tom_Ridge_,137035.000000,1.108905,101.300718
Tom_Watson_,0.000000,0.708466,132.827614
Tommy_Franks_,110649.000000,0.760897,129.216282
Tommy_Haas_,114920.000000,0.552053,173.654705
Tommy_Robredo_,133965.000000,0.839290,126.349983
Tommy_Thompson_,69432.500000,0.542730,137.458847
Tomoko_Hagiwara_,116639.000000,0.716129,104.373795
Toni_Braxton_,111245.500000,0.867478,148.451666
Tony_Bennett_,120058.000000,1.014943,103.577293
Tony_Blair_,146771.000000,1.046281,147.893957
Tony_Curtis_,126282.500000,0.964372,117.842686
Tony_Parker_,96185.000000,0.528333,147.315907
Tony_Shalhoub_,122574.500000,0.667301,140.184618
Tony_Stewart_,153211.500000,0.746228,112.721893
Torri_Edwards_,89785.000000,0.694945,150.238890
Toshihiko_Fukui_,156127.000000,0.682082,104.047285
Tracee_Ellis_Ross_,120167.000000,0.915051,131.507988
Tracy_McGrady_,85161.000000,0.897910,157.539284
Trent_Lott_,84096.666667,0.760659,130.682722
Tsutomu_Takebe_,98985.000000,0.758639,120.739679
Tubby_Smith_,141277.500000,0.699499,157.891125
Tung_Chee-hwa_,94127.000000,0.752851,168.426147
Tyler_Hamilton_,140303.000000,0.924007,162.515827
Tyra_Banks_,124706.750000,0.663539,174.691479
Tyron_Garner_,0.000000,0.814497,154.771296
Uma_Thurman_,110779.000000,0.798098,91.780216
Vaclav_Havel_,147164.333333,1.090328,141.049204
Vaclav_Klaus_,89031.500000,0.612697,113.360458
Valdas_Adamkus_,107227.500000,0.641917,89.714914
Valentino_Rossi_,135548.833333,0.959182,165.024670
Valerie_Harper_,109334.000000,0.689416,116.215345
Valery_Giscard_dEstaing_,150006.000000,0.880693,126.716682
Vanessa_Incontrada_,136715.666667,0.963608,93.884014
Vanessa_Redgrave_,115866.500000,0.720119,95.327374
Vanessa_Williams_,97017.666667,0.632537,105.238800
Venus_Williams_,62595.000000,0.627641,176.035599
Vicente_Fernandez_,110440.000000,0.928304,137.378870
Vicente_Fox_,132633.000000,0.865773,88.559931
Vicki_Zhao_Wei_,0.000000,0.794798,137.051702
Victoria_Beckham_,106022.500000,0.808097,165.105804
Victoria_Clarke_,118278.000000,0.676860,145.837029
Vidar_Helgesen_,90897.333333,0.644997,138.444590
Vin_Diesel_,106916.400000,0.572727,145.368805
Vince_Carter_,113929.000000,0.778606,168.350317
Vince_Gill_,121153.500000,0.589109,109.310984
Vincent_Brooks_,92076.500000,0.674694,143.945658
Vincent_Gallo_,113743.750000,0.708010,137.160254
Vitali_Klitschko_,103058.000000,0.503779,101.170687
Vivica_Fox_,0.000000,0.793245,92.652464
Vladimir_Putin_,118528.666667,0.754515,140.509607
Vladimir_Spidla_,93579.000000,0.688449,126.437361
Vladimir_Voltchkov_,89902.000000,0.717747,152.939142
Vladimiro_Montesinos_,153241.000000,0.917385,130.487795
Vojislav_Kostunica_,119630.000000,0.822961,161.243734
Walter_Mondale_,114595.000000,0.460035,142.873795
Wang_Yi_,0.000000,0.836375,130.070419
Wang_Yingfan_,120671.000000,0.896877,91.291967
Warren_Beatty_,113006.000000,0.751437,132.657011
Warren_Buffett_,83921.000000,0.516140,162.311056
Wayne_Ferreira_,107499.000000,0.809905,142.845663
Wayne_Gretzky_,103786.500000,0.683360,122.578833
Wen_Jiabao_,148778.000000,0.750793,95.532240
Wesley_Clark_,89324.500000,0.904295,117.703737
Will_Smith_,98661.000000,0.920869,136.979134
William_Bratton_,118520.000000,0.752775,123.952116
William_Bulger_,143626.000000,0.805031,123.022398
William_Burns_,0.000000,0.891186,99.997721
William_Donaldson_,81008.750000,0.651051,144.330326
William_Ford_Jr_,137825.000000,0.949148,117.488970
William_Hochul_,111963.333333,0.724926,147.824650
William_Macy_,98851.000000,0.880052,129.284781
William_Martin_,112293.000000,0.809709,109.069813
William_Rehnquist_,126925.500000,0.692579,129.687294
Win_Aung_,117823.500000,0.742675,117.941135
Winona_Ryder_,109515.000000,0.967445,113.616428
Wolfgang_Schuessel_,149915.500000,0.948419,107.964548
Woody_Allen_,112011.500000,0.846953,150.544519
Wu_Yi_,137863.000000,0.807916,91.163252
Xanana_Gusmao_,152608.500000,1.132407,126.930637
Xavier_Malisse_,100619.000000,0.548601,137.936150
Yann_Martel_,85623.500000,0.608645,103.459198
Yao_Ming_,171048.000000,0.650726,130.484928
Yasar_Yakis_,108023.000000,0.707421,155.234671
Yashwant_Sinha_,110843.666667,0.745847,138.659569
Yasser_Arafat_,143549.000000,0.680296,102.338108
Yevgeny_Kafelnikov_,104779.500000,0.748794,133.262720
Yoko_Ono_,113455.000000,0.657235,140.785633
Yoriko_Kawaguchi_,150078.000000,0.839136,94.636238
Yossi_Beilin_,138841.000000,0.862003,158.339083
Yu_Shyi-kun_,130075.500000,0.501576,125.699976
Yukiko_Okudo_,107935.000000,0.719030,131.687183
Yuri_Fedotov_,131438.500000,0.639869,125.340305
Yuri_Malenchenko_,124655.000000,0.755319,94.304314
Zafarullah_Khan_Jamali_,0.000000,1.006816,132.491850
Zarai_Toledo_,152503.000000,0.882729,143.807871
Zhang_Wenkang_,113716.750000,0.497018,126.192499
Zhang_Ziyi_,116160.000000,1.019948,100.772505
Zhu_Rongji_,124196.000000,0.784277,116.206594
Zico_,123600.666667,0.759118,117.734070
Zinedine_Zidane_,119478.666667,1.001221,118.200886
Zoran_Djindjic_,101783.250000,0.813058,122.162436
