Name,Scores,EMD Ranks
,,
,,
Aaron_Peirsol_,117.275,550
Aaron_Sorkin_,117.378,553
Abdel_Nasser_Assidi_,173.087,1641
Abdoulaye_Wade_,177.81,1657
Abdullah_,139.138,1206
Abdullah_Gul_,142.055,1287
Abdullah_al-Attiyah_,163.375,1592
Abdullatif_Sener_,131.022,958
Abel_Pacheco_,135.922,1118
Abid_Hamid_Mahmud_Al-Tikriti_,177.239,1656
Adam_Sandler_,133.493,1042
Adam_Scott_,145.648,1351
Adel_Al-Jubeir_,135.183,1091
Adolfo_Aguilar_Zinser_,135.514,1103
Adolfo_Rodriguez_Saa_,139.608,1218
Adrian_McPherson_,155.074,1520
Adrian_Nastase_,136.946,1143
Adrien_Brody_,110.816,379
Ahmad_Masood_,149.198,1415
Ahmed_Chalabi_,111.086,384
Ahmet_Necdet_Sezer_,129.48,909
Ai_Sugiyama_,130.552,943
Aicha_El_Ouafi_,122.06,668
Aitor_Gonzalez_,174.412,1645
Akbar_Hashemi_Rafsanjani_,103.61,252
Akhmed_Zakayev_,128.846,881
Al_Davis_,149.333,1419
Al_Gore_,121.406,653
Al_Pacino_,136.66,1136
Al_Sharpton_,144.189,1331
Alan_Ball_,123.607,710
Alan_Greenspan_,139.923,1227
Alan_Mulally_,128.868,883
Alastair_Campbell_,129.298,901
Albert_Costa_,168.736,1626
Alberto_Fujimori_,127.423,834
Alberto_Ruiz_Gallardon_,129.842,923
Albrecht_Mentz_,128.808,877
Aldo_Paredes_,113.547,449
Alec_Baldwin_,116.781,537
Alejandro_Atchugarry_,120.337,624
Alejandro_Avila_,148.376,1408
Alejandro_Toledo_,130.815,954
Aleksander_Kwasniewski_,138.489,1189
Alex_Barros_,109.284,352
Alex_Penelas_,93.8996,112
Alex_Sink_,138.289,1183
Alexander_Downer_,123.853,721
Alexander_Losyukov_,112.941,434
Alexander_Rumyantsev_,105.969,300
Alexandra_Stevenson_,103.028,238
Alexandra_Vodjanikova_,155.265,1524
Ali_Abbas_,109.476,361
Ali_Khamenei_,138.248,1181
Ali_Naimi_,112.323,414
Alice_Fisher_,139.59,1217
Alicia_Silverstone_,159.514,1567
Alimzhan_Tokhtakhounov_,117.438,557
Alison_Lohman_,114.429,470
Allen_Iverson_,151.964,1468
Allison_Janney_,131.432,968
Allyson_Felix_,155.017,1519
Alvaro_Noboa_,125.617,780
Alvaro_Silva_Calderon_,106.671,311
Alvaro_Uribe_,115.838,515
Amanda_Beard_,116.513,530
Amanda_Bynes_,87.5045,54
Amanda_Coetzer_,140.537,1252
Amber_Tamblyn_,131.553,971
Amelia_Vega_,104.658,271
Amelie_Mauresmo_,145.083,1341
Amer_al-Saadi_,114.065,462
Amram_Mitzna_,126.967,820
Ana_Guevara_,131.951,989
Ana_Palacio_,63.4119,2
Anastasia_Myskina_,121.892,665
Anders_Ebbeson_,162.857,1586
Anders_Fogh_Rasmussen_,166.939,1617
Andre_Agassi_,124.802,755
Andrei_Mikhnevich_,132.026,991
Andrew_Bunner_,111.795,400
Andrew_Cuomo_,98.5996,170
Andrew_Niccol_,128.957,888
Andrew_Weissmann_,160.888,1577
Andy_Hebb_,81.6476,28
Andy_Roddick_,118.572,581
Angela_Bassett_,151.931,1466
Angela_Lansbury_,115.057,490
Angela_Merkel_,85.2152,44
Angelina_Jolie_,113.129,439
Angelo_Reyes_,140.127,1237
Anibal_Ibarra_,133.574,1044
Ann_Veneman_,118.677,585
Anna_Kournikova_,166.699,1615
Anna_Nicole_Smith_,114.558,471
Anne_Krueger_,127.297,829
Anne_McLellan_,105.052,281
Anneli_Jaatteenmaki_,145.736,1353
Annette_Bening_,107.782,331
Annette_Lu_,134.827,1081
Anthony_Fauci_,124.869,756
Anthony_Hopkins_,137.422,1157
Anthony_LaPaglia_,131.887,986
Antonio_Banderas_,158.092,1553
Antonio_Palocci_,107.959,333
Antonio_Trillanes_,134.01,1056
Antony_Leung_,115.25,495
Anwar_Ibrahim_,129.064,889
Arantxa_Sanchez-Vicario_,183.117,1670
Ari_Fleischer_,173.425,1642
Arianna_Huffington_,123.82,720
Ariel_Sharon_,94.7376,122
Arlen_Specter_,134.713,1079
Arminio_Fraga_,130.074,926
Arnaud_Clement_,120.538,628
Arnold_Palmer_,134.167,1058
Arnold_Schwarzenegger_,145.389,1348
Arnoldo_Aleman_,155.801,1529
Aron_Ralston_,132.671,1005
Arsinee_Khanjian_,132.837,1015
Art_Hoffmann_,89.1378,70
Art_Howe_,134.605,1070
Arturo_Gatti_,150.507,1436
Arye_Mekel_,118.509,579
Asa_Hutchinson_,108.771,344
Ashanti_,128.463,870
Ashton_Kutcher_,117.053,544
Atal_Bihari_Vajpayee_,154.575,1512
Augustin_Calleri_,138.26,1182
Augusto_Pinochet_,146.886,1378
Augusto_Roa_Bastos_,128.945,886
Aung_San_Suu_Kyi_,135.53,1106
Azra_Akin_,146.062,1360
Barbara_Brezigar_,115.809,513
Barbara_Walters_,110.477,373
Barbra_Streisand_,128.954,887
Barrett_Jackman_,124.335,741
Barry_Alvarez_,131.661,975
Barry_Zito_,119.386,604
Bashar_Assad_,100.023,191
Begum_Khaleda_Zia_,139.574,1215
Ben_Affleck_,107.996,334
Ben_Curtis_,131.889,987
Ben_Glisan_,114.75,480
Ben_Howland_,114.836,485
Benazir_Bhutto_,152.755,1481
Benjamin_Netanyahu_,149.244,1417
Bernard_Landry_,109.473,360
Bernard_Law_,113.625,451
Bernard_Lord_,103.257,243
Bernardo_Segura_,141.326,1276
Bertie_Ahern_,106.907,314
Bertrand_Bonello_,123.668,713
Beth_Jones_,159.187,1563
Betsy_Smith_,87.6858,55
Bijan_Darvish_,148.241,1405
Bijan_Namdar_Zangeneh_,150.909,1448
Biljana_Plavsic_,111.652,394
Bill_Belichick_,97.3278,152
Bill_Callahan_,118.902,591
Bill_Clinton_,138.818,1199
Bill_Frist_,115.829,514
Bill_Gates_,129.095,891
Bill_Graham_,94.3491,118
Bill_McBride_,128,852
Bill_Nelson_,156.607,1538
Bill_Parcells_,136.868,1140
Bill_Paxton_,138.142,1175
Bill_Simon_,117.437,556
Bill_Sizemore_,100.405,195
Billy_Crystal_,129.784,919
Billy_Graham_,119.554,609
Billy_Sollie_,125.75,787
Binyamin_Ben-Eliezer_,146.38,1367
Blythe_Danner_,135.297,1094
Blythe_Hartley_,152.944,1485
Bo_Pelini_,133.073,1026
Bo_Ryan_,130.682,950
Bob_Beauprez_,147.842,1395
Bob_Colvin_,90.6122,80
Bob_Dole_,151.255,1455
Bob_Geldof_,125.834,789
Bob_Graham_,147.867,1396
Bob_Hope_,83.491,36
Bob_Huggins_,120.64,631
Bob_Stoops_,128.426,868
Bobby_Goldwater_,136.065,1122
Bobby_Robson_,141.049,1269
Bode_Miller_,142.64,1297
Bono_,75.104,15
Boris_Becker_,159.635,1570
Boris_Berezovsky_,130.462,936
Boris_Yeltsin_,141.847,1284
Brad_Garrett_,131.046,959
Brad_Johnson_,103.139,240
Branko_Crvenkovski_,151.304,1456
Brendan_Hansen_,129.762,918
Brian_Cowen_,64.5168,3
Brian_Griese_,130.285,931
Brian_Heidik_,122.801,692
Brian_Mulroney_,127.613,841
Brian_Wells_,131.058,961
Bridget_Fonda_,119.084,592
Bridgette_Wilson-Sampras_,139.509,1213
Brigitte_Boisselier_,85.1337,43
Britney_Spears_,118.355,575
Brooke_Shields_,124.022,725
Bruce_Springsteen_,107.325,320
Bruce_Van_De_Velde_,157.618,1546
Bruce_Weber_,117.972,570
Bud_Selig_,116.88,539
Bulent_Ecevit_,151.456,1461
Butch_Davis_,124.036,727
Byron_Scott_,176.985,1655
Calista_Flockhart_,89.8503,75
Cameron_Diaz_,145.306,1344
Camilla_Parker_Bowles_,140.972,1267
Candice_Bergen_,142.524,1295
Candie_Kung_,164.389,1601
Carl_Reiner_,150.899,1446
Carla_Del_Ponte_,132.93,1019
Carla_Myers_,99.9865,189
Carlo_Ancelotti_,127.381,832
Carlos_Bianchi_,149.393,1422
Carlos_Ghosn_,120.718,633
Carlos_Manuel_Pruneda_,133.336,1035
Carlos_Menem_,117.432,555
Carlos_Mesa_,116.993,542
Carlos_Moya_,130.459,935
Carlos_Ortega_,154.499,1511
Carlos_Quintanilla_Schmidt_,150.705,1442
Carlos_Ruiz_,132.677,1006
Carlos_Vives_,101.018,210
Carly_Fiorina_,109.628,364
Carmen_Electra_,144.974,1340
Carol_Burnett_,139.983,1229
Carol_Moseley_Braun_,143.909,1326
Carolina_Kluft_,141.476,1281
Carolina_Moraes_,152.825,1482
Caroline_Kennedy_,139.781,1220
Carolyn_Dawn_Johnson_,143.034,1310
Carrie-Anne_Moss_,123.467,705
Carson_Daly_,96.8058,145
Carson_Palmer_,123.559,708
Cate_Blanchett_,134.609,1071
Catherine_Deneuve_,134.759,1080
Catherine_Zeta-Jones_,122.368,679
Cathy_Freeman_,147.274,1385
Cecilia_Bolocco_,143.988,1327
Celine_Dion_,128.143,857
Celso_Amorim_,88.8095,64
Cesar_Gaviria_,98.3363,168
Cesar_Maia_,125.247,762
Chakib_Khelil_,82.8545,30
Chan_Gailey_,141.745,1283
Chanda_Rubin_,168.858,1627
Chang_Dae-whan_,89.2636,73
Charles_Bronson_,121.739,662
Charles_Grassley_,140.309,1245
Charles_Kartman_,140.028,1232
Charles_Mathews_,117.212,547
Charles_Moose_,165.76,1609
Charles_Schumer_,135.927,1119
Charles_Taylor_,176.136,1653
Charlie_Zaa_,153.196,1490
Charlotte_Rampling_,134.183,1059
Charlton_Heston_,139.962,1228
Chen_Liang_Yu_,95.2882,124
Chen_Shui-bian_,111.882,404
Cherie_Blair_,152.939,1484
Chick_Hearn_,141.272,1275
Chita_Rivera_,127.222,825
Choi_Sung-hong_,97.1556,149
Chok_Tong_Goh_,108.858,347
Chris_Bell_,119.69,611
Chris_Byrd_,163.721,1596
Chris_Cooper_,93.5103,109
Chris_Rock_,153.15,1489
Chris_Tucker_,187.96,1676
Christian_Fittipaldi_,131.773,979
Christian_Longo_,128.191,860
Christian_Wulff_,68.1343,6
Christina_Aguilera_,157.25,1545
Christine_Baumgartner_,124.333,740
Christine_Ebersole_,131.117,963
Christine_Gregoire_,90.0386,77
Christine_Todd_Whitman_,111.665,395
Christopher_Patten_,139.252,1208
Christopher_Reeve_,83.1533,33
Christopher_Walken_,116.427,528
Chuck_Amato_,119.411,605
Chuck_Yeager_,153.008,1486
Chung_Mong-hun_,101.612,220
Chung_Mong-joon_,111.304,386
Cindy_Crawford_,146.05,1359
Cindy_Margolis_,139.865,1223
Ciro_Gomes_,99.3768,180
Claire_Danes_,126.938,818
Claire_Hentzen_,146.766,1376
Claire_Leger_,119.704,613
Clara_Harris_,129.535,912
Clare_Short_,128.866,882
Claudia_Pechstein_,123.811,719
Claudia_Schiffer_,86.6947,48
Clay_Aiken_,115.569,508
Clint_Eastwood_,112.343,415
Colin_Farrell_,101.266,217
Colin_Jackson_,183.061,1669
Colin_Montgomerie_,140.654,1257
Colin_Powell_,128.199,861
Conan_OBrien_,113.107,437
Conchita_Martinez_,117.852,566
Condoleezza_Rice_,158.799,1559
Constance_Marie_,164.872,1605
Coretta_Scott_King_,113.279,442
Corinne_Coman_,132.967,1022
Costas_Simitis_,119.272,595
Courtney_Love_,100.614,202
Cristina_Fernandez_,106.598,310
Cristina_Saralegui_,113.377,447
Cruz_Bustamante_,130.483,939
Cyndi_Thompson_,136.029,1121
Dai_Bachtiar_,153.21,1491
Daisy_Fuentes_,91.6027,89
Dalai_Lama_,131.843,983
Dale_Earnhardt_Jr_,111.063,383
Damon_van_Dam_,99.3571,179
Dan_Morales_,122.283,676
Dan_Wheldon_,154.645,1513
Daniel_Day-Lewis_,98.2735,166
Daniel_Radcliffe_,85.633,46
Daniela_Hantuchova_,125.418,771
Darrell_Issa_,102.57,232
Darrell_Porter_,101.977,225
Darren_Clarke_,137.226,1152
Daryl_Hannah_,149.478,1425
Dave_Campo_,109.69,365
David_Anderson_,155.125,1522
David_Beckham_,126.786,817
David_Bell_,141.269,1274
David_Caraway_,133.371,1037
David_Caruso_,81.0425,26
David_Coulthard_,145.227,1343
David_Dodge_,122.279,675
David_Heyman_,127.033,821
David_Heymann_,110.928,382
David_Hyde_Pierce_,127.929,851
David_Kelley_,135.699,1110
David_Leahy_,148.3,1406
David_Myers_,132.807,1011
David_Nalbandian_,135.916,1116
David_Spade_,112.043,406
David_Stern_,124.743,752
David_Trimble_,110.213,371
David_Wells_,149.94,1429
David_Wolf_,122.344,678
Dean_Barkley_,103.206,242
Debbie_Reynolds_,97.2742,151
Debra_Brown_,101.097,212
Debra_Messing_,103.692,255
Demetrius_Ferraciu_,143.232,1315
Demi_Moore_,127.349,830
Denise_Johnson_,128.828,880
Dennis_Erickson_,131.823,982
Dennis_Hastert_,94.5938,120
Dennis_Kozlowski_,151.121,1452
Dennis_Kucinich_,97.4886,154
Dennis_Powell_,120.988,641
Denzel_Washington_,137.435,1159
Derek_Jeter_,154.999,1518
Derek_Lowe_,135.208,1093
Desiree_Lemosi_,114.738,478
Dexter_Jackson_,134.423,1064
Diana_Krall_,135.516,1104
Diana_Munz_,130.492,941
Diana_Taurasi_,135.508,1102
Diane_Green_,95.4073,127
Dianne_Feinstein_,118.603,582
Dick_Cheney_,124.17,731
Dick_Clark_,98.1592,164
Dick_Latessa_,94.1438,114
Dick_Vermeil_,140.161,1238
Dino_de_Laurentis_,116.761,535
Dolly_Parton_,129.408,905
Dolma_Tsering_,127.554,839
Dominik_Garcia-Lorido_,111.927,405
Dominique_de_Villepin_,123.621,711
Don_Nickles_,100.834,206
Don_Siegelman_,140.26,1244
Donald_Evans_,119.304,599
Donald_Fehr_,143.786,1325
Donald_Pettit_,127.544,837
Donald_Rumsfeld_,130.56,944
Donatella_Versace_,114.701,477
Donna_Shalala_,139.4,1211
Doris_Roberts_,116.719,534
Doris_Schroeder_,125.79,788
Dorthy_Moxley_,130.456,934
Doug_Collins_,132.824,1014
Doug_Duncan_,143.091,1311
Doug_Melvin_,135.343,1096
Drew_Barrymore_,117.238,548
Duane_Lee_Chapman_,96.1234,133
Dwayne_Johnson_,166.549,1614
Ed_Rosenthal_,123.55,707
Ed_Smart_,119.364,602
Eddie_Sutton_,128.55,872
Eddy_Merckx_,105.827,295
Edie_Falco_,109.952,368
Edmund_Hillary_,105.896,298
Edmund_Stoiber_,126.217,798
Eduard_Shevardnadze_,124.598,748
Eduardo_Duhalde_,119.69,612
Edward_James_Olmos_,103.176,241
Edward_Kennedy_,141.155,1272
Edward_Lu_,98.3537,169
Edward_Norton_,87.4982,53
Edward_Said_,133.075,1027
Edwin_Edwards_,129.071,890
Edwina_Currie_,120.208,620
Eileen_Coparropa_,151.232,1454
Elena_Bovina_,134.041,1057
Eliane_Karp_,123.927,722
Elijah_Wood_,110.839,380
Elin_Nordegren_,112.887,430
Elinor_Caplan_,137.204,1151
Elisabeth_Schumacher_,89.0911,69
Elizabeth_Dole_,130.866,956
Elizabeth_Hurley_,137.516,1163
Elizabeth_Shue_,103.571,251
Elizabeth_Smart_,104.383,267
Elizabeth_Taylor_,87.9785,58
Ellen_DeGeneres_,98.8463,172
Ellen_Engleman_,116.349,527
Elsa_Zylberstein_,92.997,103
Elton_John_,128.154,858
Elvis_Presley_,75.5606,16
Emanuel_Ginobili_,126.661,811
Emile_Lahoud_,94.2574,116
Emily_Robison_,127.924,850
Emma_Thompson_,137.787,1169
Emma_Watson_,101.892,223
Emmanuelle_Beart_,121.458,654
Emmit_Smith_,178.712,1659
Enrique_Bolanos_,152.055,1470
Eric_Clapton_,135.444,1100
Eric_Hinske_,157.692,1547
Eric_Robert_Rudolph_,156.887,1541
Eric_Rosser_,124.029,726
Erik_Morales_,133.917,1052
Erika_Christensen_,108.047,336
Erika_Harold_,134.711,1078
Erin_Runnion_,147.203,1384
Ernesto_Zedillo_,101.396,219
Ernie_Els_,111.594,393
Ernie_Eves_,108.035,335
Ernie_Fletcher_,137.192,1150
Ethan_Hawke_,146.749,1375
Eunice_Barber_,195.539,1679
Eva_Dimas_,143.126,1313
Evan_Rachel_Wood_,112.139,408
Evander_Holyfield_,159.635,1569
Eve_Pelletier_,129.129,894
Fabiola_Zuluaga_,145.455,1349
Fabrice_Santoro_,152.258,1474
Farouk_al-Sharaa_,132.73,1008
Faye_Dunaway_,119.491,607
Fayssal_Mekdad_,136.164,1126
Federico_Trillo_,118.604,583
Felipe_Perez_Roque_,130.478,937
Felix_Mantilla_,152.307,1475
Ferenc_Madl_,84.7503,41
Fernando_Gonzalez_,156.373,1536
Fernando_Henrique_Cardoso_,108.23,338
Fernando_Vargas_,149.796,1427
Fidel_Castro_,131.122,964
Filippo_Inzaghi_,175.176,1650
Flavia_Delaroli_,143.616,1320
Flor_Montulo_,112.862,429
Fran_Drescher_,129.465,908
Frances_Fisher_,124.453,744
Francis_Ford_Coppola_,105.245,286
Francis_George_,124.199,732
Francis_Mer_,122.123,669
Francisco_Flores_,127.367,831
Franco_Dragone_,147.164,1383
Frank_Cassell_,120.879,637
Frank_Dunham_Jr_,119.469,606
Frank_Griswold_,137.426,1158
Frank_Lautenberg_,103.524,250
Frank_Solich_,129.103,892
Frank_Stallone_,104.183,263
Franko_Simatovic_,146.52,1371
Franz_Beckenbauer_,157.031,1542
Franz_Fischler_,107.363,321
Franz_Muentefering_,71.7244,11
Fred_Eckhard_,105.311,287
Fred_Funk_,154.801,1515
Fred_Thompson_,116.633,531
Freddy_Garcia_,109.782,366
Fujio_Cho_,122.455,683
GL_Peiris_,113.24,441
Gabriel_Batistuta_,161.909,1582
Gabriel_Valdes_,124.253,734
Gao_Qiang_,113.747,458
Garry_Kasparov_,105.313,288
Garry_Trudeau_,137.28,1154
Gary_Bergeron_,102.269,228
Gary_Carter_,133.989,1055
Gary_Doer_,155.459,1526
Gary_Forsee_,116.685,533
Gary_Locke_,133.237,1031
Gary_Williams_,120.044,617
Gary_Winnick_,99.2482,176
Gene_Robinson_,142.063,1289
Geno_Auriemma_,120.8,636
Geoff_Hoon_,125.598,779
George_Brumley_,133.084,1028
George_Clooney_,83.0866,31
George_Foreman_,169.272,1631
George_Galloway_,136.608,1135
George_HW_Bush_,150.894,1445
George_Karl_,113.063,436
George_Lopez_,129.432,906
George_P_Bush_,91.6228,90
George_Papandreou_,163.62,1594
George_Pataki_,124.638,749
George_Robertson_,133.925,1054
George_Roy_Hill_,105.025,280
George_Ryan_,91.4111,87
George_Tenet_,152.597,1479
George_Voinovich_,152.367,1476
George_W_Bush_,128.681,874
Georgi_Parvanov_,133.484,1040
Geraldine_Chaplin_,138.787,1198
Gerard_Depardieu_,125.45,772
Gerardo_Gambala_,157.891,1552
Gerhard_Schroeder_,106.048,302
Gerry_Adams_,140.19,1240
Gerry_Parsky_,148.094,1400
Gian_Marco_,137.401,1156
Gianna_Angelopoulos-Daskalaki_,114.788,483
Gil_de_Ferran_,169.184,1629
Gilberto_Rodriguez_Orejuela_,148.935,1412
Gillian_Anderson_,88.722,61
Gisele_Bundchen_,161.797,1581
Giuseppe_Gibilisco_,110.393,372
Glafcos_Clerides_,123.655,712
Gloria_Allred_,111.493,390
Gloria_Macapagal_Arroyo_,120.989,642
Gloria_Trevi_,129.504,910
Goh_Kun_,98.2071,165
Goldie_Hawn_,129.91,924
Gonzalo_Sanchez_de_Lozada_,84.6484,40
Goran_Persson_,122.181,672
Gordon_Brown_,115.619,509
Gordon_Campbell_,110.855,381
Grady_Irvin_Jr_,165.951,1610
Grant_Hackett_,132.93,1020
Gray_Davis_,130.155,927
Greg_Gilbert_,142.662,1298
Greg_Ostertag_,102.954,235
Greg_Owen_,127.264,828
Greg_Rusedski_,147.618,1391
Gregg_Popovich_,124.672,750
Gregory_Geoffroy_,125.18,760
Gregory_Hines_,152.025,1469
Gro_Harlem_Brundtland_,91.6604,91
Guido_Westerwelle_,97.7168,161
Guillaume_Soro_,147.32,1387
Guillermo_Canas_,154.88,1516
Guillermo_Coria_,130.664,948
Guillermo_Ortiz_,121.371,650
Gunter_Pleuger_,129.739,916
Gus_Van_Sant_,112.554,420
Gustavo_Kuerten_,128.494,871
Guy_Hemmings_,118.719,586
Guy_Ritchie_,104.565,269
Gwendal_Peizerat_,140.709,1259
Gwyneth_Paltrow_,88.774,62
Habib_Rizieq_,123.474,706
Hal_Gehman_,142.147,1290
Hal_Sutton_,114.559,472
Halle_Berry_,140.617,1255
Hamid_Karzai_,140.003,1231
Hamzah_Haz_,117.017,543
Hanan_Ashrawi_,105.064,282
Hannah_Stockbauer_,134.938,1087
Hans_Blix_,134.617,1072
Hans_Eichel_,125.635,781
Harbhajan_Singh_,163.86,1598
Harrison_Ford_,99.8569,188
Harry_Belafonte_,174.797,1649
Harry_Kalas_,143.646,1322
Harry_Schmidt_,100.925,209
Harvey_Weinstein_,96.2512,136
Hashim_Thaci_,137.499,1162
Hassan_Nasrallah_,153.527,1497
Hassan_Wirajuda_,91.8059,94
Hayley_Tullett_,150.685,1441
Heath_Ledger_,77.9355,19
Heather_Mills_,85.0981,42
Hector_Babenco_,135.113,1089
Hee-Won_Han_,148.09,1399
Heidi_Fleiss_,174.372,1644
Heidi_Klum_,126.757,814
Heinz_Feldmann_,114.641,474
Heizo_Takenaka_,107.574,326
Helen_Clark_,122.905,695
Henrique_Meirelles_,125.344,766
Herb_Sendek_,132.811,1012
Hermann_Maier_,139.237,1207
Herta_Daeubler-Gmelin_,81.0054,25
Hichiro_Naemura_,113.985,459
Hideki_Matsui_,135.429,1099
Hilary_Duff_,83.1497,32
Hillary_Clinton_,107.443,325
Hilmi_Ozkok_,104.367,265
Hipolito_Mejia_,160.034,1575
Hisao_Oguchi_,135.416,1097
Hitomi_Soga_,111.337,388
Holly_Hunter_,123.207,701
Hootie_Johnson_,122.624,689
Horst_Koehler_,122.933,696
Hosni_Mubarak_,153.391,1496
Howard_Dean_,122.131,670
Howard_Schultz_,144.348,1333
Howard_Smith_,132.588,1003
Hu_Jintao_,104.651,270
Hugh_Grant_,123.319,704
Hugo_Chavez_,128.128,856
Hun_Sen_,122.315,677
Iain_Duncan_Smith_,143.623,1321
Ian_McKellen_,114.204,465
Ian_Thorpe_,126.784,816
Iban_Mayo_,130.86,955
Ibrahim_Jaafari_,113.32,444
Igor_Ivanov_,102.031,226
Ilan_Ramon_,123.568,709
Imad_Moustapha_,146.183,1365
Inam-ul-Haq_,88.0548,59
Inocencio_Arias_,138.143,1176
Intisar_Ajouri_,145.814,1355
Isabella_Rossellini_,97.5402,156
Isabelle_Huppert_,121.576,659
Isaiah_Washington_,182.508,1667
Ishaq_Shahryar_,119.096,594
Ismail_Merchant_,146.466,1369
Iva_Majoli_,154.905,1517
JJ_Redick_,114.116,464
JK_Rowling_,146.555,1373
Jack_Grubman_,125.551,776
Jack_Nicholson_,138.739,1197
Jack_Straw_,122.585,687
Jackie_Chan_,142.907,1307
Jacqueline_Obradors_,113.655,452
Jacques_Chirac_,144.159,1329
Jacques_Rogge_,130.952,957
Jada_Pinkett_Smith_,107.769,330
Jake_Gyllenhaal_,107.401,323
James_Blake_,116.006,519
James_Butts_,136.35,1129
James_Caan_,100.524,199
James_Cameron_,151.077,1450
James_Cunningham_,112.274,413
James_Franco_,96.9416,146
James_Gandolfini_,161.098,1578
James_Ivory_,113.311,443
James_Jones_,112.226,409
James_Kelly_,95.7623,129
James_Kopp_,126.179,795
James_Maguire_,115.844,516
James_McGreevey_,107.116,319
James_Morris_,115.684,510
James_Parker_,142.552,1296
James_Schultz_,113.107,438
James_Smith_,96.4197,139
James_Traficant_,143.515,1319
James_Wolfensohn_,102.955,236
Jamie_Villafane_,102.347,230
Jamling_Norgay_,118.749,587
Jan-Michael_Gambill_,133.48,1039
Jan_Ullrich_,93.18,106
Jane_Fonda_,136.764,1138
Jane_Kaczmarek_,161.938,1583
Jane_Pauley_,120.291,621
Janet_Napolitano_,134.214,1060
Janet_Thorpe_,123.757,718
Janica_Kostelic_,142.272,1292
Jason_Alexander_,121.292,647
Jason_Jennings_,129.162,897
Jason_Kidd_,122.381,680
Jason_Lezak_,136.907,1142
Javier_Solana_,78.8324,23
Javier_Weber_,165.126,1607
Jay_Garner_,109.326,354
Jay_Leno_,112.59,421
Jay_Rasulo_,134.469,1067
Jayson_Williams_,125.365,768
Jean-Claude_Braquet_,140.24,1243
Jean-Claude_Juncker_,135.987,1120
Jean-Claude_Trichet_,115.984,518
Jean-David_Levitte_,140.724,1261
Jean-Francois_Pontal_,106.279,305
Jean-Marc_de_La_Sabliere_,120.906,638
Jean-Pierre_Raffarin_,115.353,500
Jean-Sebastien_Giguere_,93.8084,110
Jean_Brumley_,137.25,1153
Jean_Carnahan_,109.449,359
Jean_Charest_,115.262,496
Jean_Chretien_,123.737,716
Jeanne_Moreau_,126.292,800
Jeb_Bush_,102.687,233
Jeff_Van_Gundy_,121.329,649
Jefferson_Perez_,142.001,1286
Jeffrey_Archer_,109.198,351
Jeffrey_Immelt_,159.467,1566
Jeffrey_Jones_,125.548,775
Jeffrey_Scott_Postell_,142.686,1300
Jelena_Dokic_,148.826,1410
Jennifer_Aniston_,141.56,1282
Jennifer_Capriati_,119.972,615
Jennifer_Connelly_,134.894,1084
Jennifer_Garner_,130.256,930
Jennifer_Keller_,89.1974,71
Jennifer_Lopez_,167.871,1623
Jennifer_Reilly_,135.494,1101
Jennifer_Rodriguez_,120.299,622
Jennifer_Thompson_,123.7,715
Jeong_Se-hyun_,140.2,1241
Jeremy_Greenstock_,103.413,248
Jeremy_Shockey_,112.374,417
Jerry_Falwell_,121.392,651
Jerry_Regier_,104.969,278
Jerry_Springer_,143.768,1324
Jesse_Harris_,139.803,1221
Jesse_Jackson_,112.94,433
Jesse_James_Leija_,142.333,1293
Jesse_Ventura_,120.666,632
Jessica_Alba_,96.4046,138
Jessica_Lange_,91.9013,95
Jessica_Lynch_,136.985,1146
Jia_Qinglin_,112.093,407
Jiang_Zemin_,128.429,869
Jim_Carrey_,122.21,673
Jim_Edmonds_,142.667,1299
Jim_Furyk_,154.482,1510
Jim_Hahn_,72.7635,14
Jim_Harrick_,135.13,1090
Jim_OBrien_,137.461,1160
Jim_Tressel_,126.643,809
Jimmy_Carter_,128.254,864
Jimmy_Kimmel_,140.385,1247
Jiri_Novak_,140.889,1266
Jo_Dee_Messina_,132.977,1023
Joan_Claybrook_,118.456,578
Joan_Laporta_,144.156,1328
Job_Cohen_,132.331,996
Jodie_Foster_,123.682,714
Joe_Calzaghe_,180.89,1665
Joe_Dumars_,185.192,1672
Joe_Gatti_,153.054,1488
Joe_Lieberman_,129.789,920
Joe_Mantello_,142.362,1294
Joe_Nichols_,147.791,1393
Joe_Torre_,126.015,793
Joerg_Haider_,111.327,387
John_Abizaid_,124.727,751
John_Allen_Muhammad_,175.994,1652
John_Ashcroft_,115.782,512
John_Banko_,138.48,1188
John_Blaney_,100.454,197
John_Bolton_,108.477,341
John_Brady_,163.189,1590
John_Cusack_,131.249,965
John_Edwards_,121.083,645
John_F_Kennedy_Jr_,81.065,27
John_Garamendi_,119.345,600
John_Howard_,105.551,292
John_Jumper_,109.353,357
John_Kerry_,118.426,577
John_Malkovich_,139.015,1202
John_Manley_,119.275,596
John_Mayer_,93.423,107
John_McCain_,83.5774,38
John_McCallum_,125.151,759
John_McCormack_,110.684,378
John_McEnroe_,139.905,1226
John_Negroponte_,132.174,993
John_Paul_II_,97.6214,158
John_Reid_,97.2669,150
John_Reilly_,107.049,317
John_Rigas_,127.416,833
John_Rosa_,149.217,1416
John_Rowland_,94.9894,123
John_Ruiz_,120.594,629
John_Snow_,133.327,1034
John_Spencer_,124.516,747
John_Stallworth_,164.76,1603
John_Stockton_,130.302,932
John_Swofford_,118.102,572
John_Taylor_,96.4934,142
John_Timoney_,113.994,460
John_Travolta_,112.731,427
John_Walsh_,114.279,467
John_Warner_,116.099,521
John_Wolf_,96.2228,134
Johnny_Carson_,97.7102,160
Johnny_Depp_,142.882,1306
Johnny_Tapia_,113.715,456
Johnny_Unitas_,126.664,812
Johnson_Panjaitan_,129.137,895
Jolanta_Kwasniewski_,118.349,574
Jon_Corzine_,158.173,1554
Jon_Gruden_,146.847,1377
Jon_Voight_,108.341,339
Jonathan_Edwards_,153.052,1487
Jonathan_Mostow_,117.949,569
Jong_Thae_Hwa_,175.563,1651
Jong_Wook_Lee_,117.679,561
Jorge_Arce_,129.747,917
Jorge_Batlle_,138.661,1193
Jorge_Castaneda_,104.057,261
Jorge_Rodolfo_Canicoba_Corral_,121.985,667
Jorge_Valdano_,142.754,1302
Joschka_Fischer_,105.898,299
Jose_Canseco_,140.028,1233
Jose_Dirceu_,135.588,1108
Jose_Manuel_Durao_Barroso_,100.881,208
Jose_Maria_Aznar_,139.085,1204
Jose_Mourinho_,135.71,1112
Jose_Sarney_,121.836,664
Jose_Serra_,159.077,1562
Jose_Theodore_,119.63,610
Jose_Viegas_Filho_,125.361,767
Joseph_Biden_,149.354,1420
Joseph_Blatter_,96.4873,141
Joseph_Deiss_,151.951,1467
Joseph_Estrada_,133.047,1024
Joseph_Ralston_,87.8787,56
Juan_Carlos_Ferrero_,153.274,1494
Juan_Ignacio_Chela_,155.906,1531
Juan_Manuel_Marquez_,115.399,501
Juan_Pablo_Montoya_,145.583,1350
Juan_Valencia_Osorio_,150.441,1435
Juanes_,129.216,900
Jude_Law_,104.996,279
Judi_Dench_,105.865,297
Judy_Genshaft_,136.889,1141
Juergen_Peters_,163.245,1591
Julia_Tymoshenko_,77.4898,18
Julianna_Margulies_,97.4475,153
Julianne_Moore_,127.546,838
Julie_Gerberding_,141.446,1280
Julie_Taymor_,117.378,552
Julio_Iglesias_Jr_,71.4615,10
Junichiro_Koizumi_,99.6338,184
Justin_Gatlin_,174.658,1646
Justin_Guarini_,120.47,627
Justin_Leonard_,127.772,844
Justin_Timberlake_,99.3557,178
Justine_Henin_,140.736,1262
Justine_Pasek_,103.681,253
Kalpana_Chawla_,131.848,984
Kamal_Kharrazi_,126.425,803
Karen_Mok_,126.586,806
Karin_Stoiber_,155.605,1528
Kate_Capshaw_,94.3733,119
Kate_Hudson_,130.441,933
Kate_Winslet_,128.822,878
Katherine_Harris_,126.715,813
Kathleen_Glynn_,122.89,694
Kathleen_Kennedy_Townsend_,102.996,237
Kathryn_Bigelow_,94.6875,121
Kathy_Winters_,106.177,303
Katie_Harman_,142.914,1308
Keanu_Reeves_,149.433,1423
Keira_Knightley_,115.331,498
Keith_Bogans_,179.274,1661
Kelli_White_,166.274,1613
Kelly_Clarkson_,128.898,884
Kelvin_Sampson_,153.546,1498
Kemal_Dervis_,129.722,915
Ken_Macha_,103.747,256
Ken_Watanabe_,119.287,598
Kenneth_Bowersox_,134.884,1083
Kenneth_Branagh_,95.6518,128
Kenneth_Evans_,114.69,476
Kent_Rominger_,129.106,893
Kevin_Costner_,153.343,1495
Kevin_Spacey_,112.892,431
Kevin_Stallings_,138.198,1177
Kieran_Prendergast_,146.156,1363
Kifah_Ajouri_,157.816,1550
Kiki_Vandeweghe_,115.19,493
Kim_Clijsters_,93.0445,105
Kim_Dae-jung_,100.497,198
Kim_Jin-sun_,136.58,1134
Kim_Jong-Il_,97.9104,163
Kim_Ryong-sung_,112.656,422
Kim_Yong-il_,126.188,796
Kimi_Raikkonen_,125.71,784
King_Abdullah_II_,99.539,183
Kirk_Ferentz_,153.916,1503
Kirk_Johnson_,171.625,1637
Kjell_Magne_Bondevik_,110.143,369
Klaus_Zwickel_,121.545,656
Kobe_Bryant_,169.269,1630
Kofi_Annan_,168.249,1624
Kosuke_Kitajima_,169.675,1632
Kristanna_Loken_,98.825,171
Kristen_Breitweiser_,110.477,374
Kristin_Davis_,100.601,200
Kurt_Busch_,115.894,517
Kurt_Russell_,117.19,546
Kurt_Warner_,135.342,1095
Kwon_Yang-sook_,98.3024,167
LK_Advani_,117.868,567
Laila_Ali_,104.8,274
Lana_Clarkson_,105.361,289
Lance_Armstrong_,139.399,1210
Lance_Bass_,113.601,450
Larry_Bowa_,150.054,1431
Larry_Brown_,149.304,1418
Larry_Coker_,129.404,904
Larry_Ellison_,144.877,1339
Larry_Johnson_,128.78,876
Larry_Lindsey_,127.561,840
Larry_Lucchino_,137.122,1149
Larry_Thompson_,152.21,1473
Lars_Von_Trier_,91.4875,88
Latrell_Sprewell_,165.338,1608
Laura_Bush_,109.331,356
Laura_Hernandez_,138.211,1178
Laura_Linney_,96.4497,140
Lauren_Hutton_,112.664,423
Lauren_Killian_,127.809,846
Laurent_Gbagbo_,160.331,1576
Laurent_Jalabert_,167.74,1622
Lawrence_MacAulay_,101.084,211
LeAnn_Rimes_,125.28,764
LeBron_James_,172.281,1639
Lea_Fastow_,112.692,425
Leander_Paes_,164.395,1602
Lech_Walesa_,85.6536,47
Lee_Hoi-chang_,100.347,194
Lee_Jun_,88.836,65
Lee_Soo-hyuck_,159.836,1572
Lee_Tae-sik_,92.4614,99
Leland_Chapman_,169.17,1628
Len_Jenoff_,130.618,946
Lennox_Lewis_,139.069,1203
Lenny_Wilkens_,128.25,863
Leon_LaPorte_,107.703,329
Leonard_Hamilton_,159.733,1571
Leonardo_DiCaprio_,122.223,674
Leonid_Kuchma_,114.914,487
Lesley_McCulloch_,133.643,1045
Leslie_Ann_Woodward_,90.9484,83
Leslie_Caldwell_,135.704,1111
Leslie_Moonves_,96.2435,135
Leszek_Miller_,96.0006,130
Li_Peng_,140.447,1249
Li_Zhaoxing_,125.497,773
Liam_Neeson_,134.683,1077
Lili_Taylor_,108.44,340
Lily_Tomlin_,103.089,239
Lim_Dong-won_,114.417,469
Lina_Krasnoroutskaya_,170.402,1634
Lindsay_Benko_,96.0912,132
Lindsay_Davenport_,155.115,1521
Lindsey_Graham_,120.622,630
Lino_Oviedo_,133.817,1049
Lionel_Richie_,144.494,1334
Lisa_Gottsegen_,130.238,929
Lisa_Ling_,122.631,690
Lisa_Marie_Presley_,132.697,1007
Lisa_Raymond_,141.119,1270
Liu_Mingkang_,125.839,790
Liza_Minnelli_,124.315,739
Lleyton_Hewitt_,134.525,1069
Lloyd_Ward_,134.27,1063
Lon_Kruger_,125.272,763
Lord_Hutton_,94.1195,113
Lou_Piniella_,146.087,1361
Luciano_Pavarotti_,128.573,873
Lucio_Gutierrez_,153.684,1501
Lucy_Liu_,117.299,551
Ludivine_Sagnier_,107.057,318
Luis_Ernesto_Derbez_Bautista_,139.525,1214
Luis_Figo_,146.627,1374
Luis_Gonzalez_Macchi_,134.862,1082
Luis_Horna_,159.189,1564
Luiz_Felipe_Scolari_,139.466,1212
Luiz_Inacio_Lula_da_Silva_,134.234,1062
Luke_Walton_,147.017,1380
Lyle_Vanclief_,101.225,216
Lynn_Abraham_,112.272,412
Lynn_Redgrave_,76.2038,17
Lynne_Cheney_,133.704,1047
Mack_Brown_,100.141,192
Madeleine_Albright_,107.399,322
Madonna_,102.473,231
Magdalena_Maleeva_,147.937,1398
Maggie_Smith_,89.0186,68
Magui_Serna_,136.378,1130
Mahathir_Mohamad_,127.434,835
Mahmoud_Abbas_,105.424,290
Makhdoom_Amin_Fahim_,149.161,1414
Manfred_Stolpe_,137.976,1172
Manuel_Poggiali_,163.52,1593
Marat_Safin_,147.063,1381
Marc-Andre_Fleury_,115.328,497
Marc_Grossman_,99.842,187
Marcelo_Ebrard_,113.141,440
Marcelo_Rios_,148.982,1413
Marcelo_Salas_,140,1230
Marco_Antonio_Barrera_,115.567,506
Marcus_Gronholm_,133.531,1043
Margaret_Thatcher_,102.158,227
Maria_Luisa_Mendonca_,145.695,1352
Maria_Shriver_,118.052,571
Maria_Soledad_Alvear_Valenzuela_,130.742,952
Mariah_Carey_,116.011,520
Mariana_Pollack_,69.6389,7
Mariangel_Ruiz_Torrealba_,100.607,201
Marie-Reine_Le_Gougne_,119.37,603
Marieta_Chrousala_,117.693,562
Marilyn_Monroe_,131.788,981
Marina_Anissina_,124.13,729
Mario_Cipollini_,156.179,1534
Mario_Dumont_,103.912,258
Mario_Kreutzberger_,146.125,1362
Marisa_Tomei_,117.614,559
Marissa_Jaret_Winokur_,106.395,307
Mark_Cuban_,133.493,1041
Mark_Dacey_,111.818,401
Mark_Geragos_,115.332,499
Mark_Gottfried_,186.759,1674
Mark_Hamister_,128.098,855
Mark_Heller_,145.968,1358
Mark_Hurlbert_,131.719,978
Mark_Philippoussis_,151.136,1453
Mark_Richt_,144.757,1336
Mark_Schweiker_,143.149,1314
Mark_Wahlberg_,128.721,875
Mark_Warner_,132.892,1018
Markus_Naslund_,130.49,940
Marlene_Weingartner_,139.849,1222
Martha_Beatriz_Roque_,167.643,1621
Martha_Bowen_,137.567,1164
Martha_Burk_,141.153,1271
Martha_Lucia_Ramirez_,134.639,1074
Martha_Stewart_,78.3768,22
Martin_Brodeur_,87.3882,52
Martin_Cauchon_,112.909,432
Martin_Hoellwarth_,125.385,769
Martin_McCauley_,117.833,565
Martin_McGuinness_,109.327,355
Martin_Scorsese_,125.391,770
Martin_Sheen_,85.2915,45
Martin_Verkerk_,140.205,1242
Martina_Hingis_,156.861,1540
Martina_McBride_,140.125,1236
Marty_Mornhinweg_,169.971,1633
Marwan_Barghouthi_,171.743,1638
Mary-Kate_Olsen_,127.814,847
Mary_Carey_,128.186,859
Mary_Landrieu_,123.756,717
Mary_Steenburgen_,166.071,1612
Mary_Tyler_Moore_,113.033,435
Masahiko_Nagasawa_,130.008,925
Masum_Turker_,120.031,616
Mathias_Reichhold_,117.258,549
Matt_Damon_,105.609,293
Matt_Dillon_,133.071,1025
Matt_Doherty_,147.006,1379
Matthew_Broderick_,157.135,1544
Matthew_Perry_,114.801,484
Maureen_Fanning_,92.0329,97
Max_Mayfield_,142.237,1291
Megan_Mullally_,138.115,1173
Megawati_Sukarnoputri_,127.773,845
Meghann_Shaughnessy_,157.135,1543
Mel_Brooks_,104.055,260
Mel_Gibson_,138.955,1201
Melanie_Griffith_,151.879,1463
Melissa_Etheridge_,100.172,193
Meryl_Streep_,70.886,8
Mesut_Yilmaz_,162.967,1587
Mian_Khursheed_Mehmood_Kasuri_,171.067,1636
Michael_Ballack_,132.931,1021
Michael_Bloomberg_,88.8996,67
Michael_Caine_,152.15,1472
Michael_Capellas_,125.727,786
Michael_Chang_,122.396,681
Michael_Chiklis_,141.422,1279
Michael_Douglas_,99.2392,175
Michael_Jackson_,65.7302,5
Michael_Jordan_,194.304,1678
Michael_Keaton_,158.775,1558
Michael_Kostelnik_,132.152,992
Michael_Leavitt_,120.732,634
Michael_Moore_,124.775,754
Michael_Patrick_King_,112.231,410
Michael_Phelps_,116.485,529
Michael_Powell_,124.269,736
Michael_Schumacher_,147.157,1382
Michael_Sullivan_,101.21,215
Michael_Winterbottom_,99.6906,186
Michel_Duclos_,122.746,691
Michel_Temer_,126.291,799
Michel_Therrien_,121.171,646
Michelle_Branch_,113.729,457
Michelle_Collins_,154.093,1506
Michelle_Kwan_,119.093,593
Michelle_Pfeiffer_,131.109,962
Michelle_Rodriguez_,135.192,1092
Michelle_Yeoh_,132.207,994
Mick_Jagger_,133.301,1032
Miguel_Contreras_,148.215,1404
Miguel_Estrada_,115.008,488
Mike_Babcock_,132.351,997
Mike_Brey_,104.858,275
Mike_Helton_,111.819,402
Mike_Holmgren_,100.66,203
Mike_Krzyzewski_,140.63,1256
Mike_Martz_,117.404,554
Mike_Miller_,163.702,1595
Mike_Montgomery_,115.482,503
Mike_Myers_,153.828,1502
Mike_Price_,136.966,1144
Mike_Scioscia_,138.476,1187
Mike_Tyson_,189.04,1677
Mike_Weir_,137.917,1171
Mikhail_Gorbachev_,131.049,960
Mikhail_Kasyanov_,90.9606,84
Mikhail_Wehbe_,127.681,842
Mikhail_Youzhny_,132.208,995
Mikulas_Dzurinda_,112.351,416
Milo_Djukanovic_,163.813,1597
Milo_Maestrecampo_,182.722,1668
Minnie_Driver_,91.7843,93
Mireya_Moscoso_,154.416,1509
Miroljub_,130.502,942
Mitchell_Daniels_,116.119,523
Mitoji_Yabunaka_,121.04,643
Miyako_Miyazaki_,131.637,973
Mohamed_Benaissa_,124.744,753
Mohamed_ElBaradei_,151.093,1451
Mohammad_Khatami_,144.86,1338
Mohammed_Al-Douri_,153.558,1499
Mohammed_Baqir_al-Hakim_,101.721,221
Monica_Bellucci_,100.881,207
Monica_Lewinsky_,87.1042,49
Monica_Seles_,156.462,1537
Monique_Garbrecht-Enfeldt_,88.7863,63
Morgan_Freeman_,156.704,1539
Moshe_Katsav_,152.15,1471
Muammar_Gaddafi_,113.417,448
Muhammad_Ali_,127.147,823
Muhammad_Saeed_al-Sahhaf_,133.214,1030
Mukesh_Ambani_,109.476,362
Munir_Akram_,151.396,1459
Nabil_Shaath_,121.928,666
Nadia_Petrova_,177.986,1658
Nadine_Vinzens_,128.097,854
Naji_Sabri_,137.637,1165
Nan_Wang_,104.416,268
Nancy_Demme_,111.519,391
Nancy_Pelosi_,134.934,1086
Nancy_Reagan_,121.587,660
Nancy_Sinatra_,115.464,502
Nanni_Moretti_,155.857,1530
Naomi_Campbell_,153.572,1500
Naomi_Watts_,83.5025,37
Naoto_Kan_,141.218,1273
Nasser_al-Kidwa_,150.264,1433
Nastassia_Kinski_,106.929,315
Natalie_Cole_,128.266,865
Natalie_Coughlin_,123.246,703
Natalie_Maines_,133.38,1038
Natasha_McElhone_,97.6894,159
Nathalie_Baye_,119.539,608
Nathan_Lane_,119.283,597
Nebojsa_Pavkovic_,114.855,486
Nelson_Mandela_,152.699,1480
Neri_Marcore_,99.5098,182
Nestor_Kirchner_,124.286,737
Nia_Vardalos_,121.725,661
Nicanor_Duarte_Frutos_,89.2285,72
Nicholas_Byron_,113.681,454
Nicholas_Tse_,140.699,1258
Nick_Nolte_,150.771,1443
Nicolas_Cage_,133.313,1033
Nicolas_Escude_,150.983,1449
Nicolas_Lapentti_,155.994,1532
Nicole_Kidman_,109.913,367
Nikki_Reed_,105.091,283
Noah_Wyle_,103.262,244
Noelle_Bush_,148.142,1402
Nora_Bendijo_,142.057,1288
Norah_Jones_,178.749,1660
Norm_Coleman_,114.748,479
Norman_Jewison_,146.352,1366
Norodom_Sihanouk_,139.088,1205
Nursultan_Nazarbayev_,122.823,693
OJ_Simpson_,124.214,733
Oleksandr_Moroz_,96.7908,144
Olesya_Bonabarenko_,121.394,652
Olivia_Newton-John_,115.197,494
Omar_Sharif_,132.498,1000
Oprah_Winfrey_,140.03,1234
Orlando_Bloom_,126.778,815
Orrin_Hatch_,148.131,1401
Osama_bin_Laden_,143.104,1312
Oscar_De_La_Hoya_,138.738,1196
Oscar_Elias_Biscet_,154.745,1514
Oswaldo_Paya_,159.991,1574
Owen_Wilson_,115.096,491
Oxana_Fedorova_,125.688,782
Ozzy_Osbourne_,186.895,1675
Padraig_Harrington_,138.866,1200
Pamela_Anderson_,136.323,1128
Paradorn_Srichaphan_,145.866,1356
Paris_Hilton_,128.909,885
Parris_Glendening_,138.571,1190
Pascal_Lamy_,129.529,911
Pascal_Quignard_,103.685,254
Pat_Burns_,131.783,980
Pat_Cox_,104.881,276
Patrice_Chereau_,112.765,428
Patricia_Clarkson_,103.314,245
Patricia_Heaton_,124.162,730
Patrick_Ewing_,166.977,1618
Patrick_Leahy_,87.8957,57
Patrick_McEnroe_,134.448,1065
Patrick_Roy_,126.204,797
Patrick_Stewart_,134.662,1076
Patti_Labelle_,135.922,1117
Patty_Schnyder_,152.594,1478
Paul-Henri_Mathieu_,139.877,1225
Paul_Bremer_,164.026,1599
Paul_Burrell_,140.716,1260
Paul_Byrd_,134.522,1068
Paul_Coppin_,126.372,802
Paul_Gascoigne_,138.667,1194
Paul_Hogan_,152.402,1477
Paul_Kagame_,143.731,1323
Paul_Martin_,101.17,214
Paul_McCartney_,107.814,332
Paul_McNulty_,104.282,264
Paul_ONeill_,113.346,445
Paul_Patton_,107.422,324
Paul_Pierce_,150.572,1439
Paul_Sarbanes_,120.36,625
Paul_Shanley_,142.948,1309
Paul_Tagliabue_,116.325,526
Paul_Wellstone_,126.652,810
Paul_William_Hurley_,111.831,403
Paul_Wolfowitz_,147.43,1389
Paula_Radcliffe_,122.986,699
Paula_Zahn_,136.292,1127
Paulo_Cesar_Pinheiro_,163.116,1589
Pedro_Almodovar_,113.714,455
Pedro_Malan_,121.741,663
Pedro_Solbes_,122.522,685
Penelope_Ann_Miller_,136.153,1125
Penelope_Cruz_,104.768,273
Pervez_Musharraf_,101.278,218
Pete_Carroll_,131.995,990
Pete_Rose_,106.754,313
Pete_Sampras_,154.042,1505
Peter_Arnett_,99.0741,173
Peter_Bacanovic_,163.11,1588
Peter_Costello_,95.3024,125
Peter_Greenaway_,126.64,808
Peter_Harrison_,126.964,819
Peter_Hillary_,116.117,522
Peter_Struck_,139.751,1219
Petria_Thomas_,132.886,1017
Petro_Symonenko_,131.635,972
Phan_Van_Khai_,141.384,1277
Phil_Gramm_,140.348,1246
Phil_Mickelson_,159.346,1565
Phil_Vassar_,150.611,1440
Philippe_Noiret_,138.122,1174
Pierce_Brosnan_,106.53,308
Pierre_Boulanger_,118.791,589
Pierre_Pettigrew_,132.877,1016
Placido_Domingo_,136.142,1124
Prince_Charles_,82.1892,29
Prince_Claus_,93.0058,104
Prince_Edward_,129.311,902
Prince_Harry_,101.924,224
Prince_Naruhito_,108.556,342
Prince_Willem-Alexander_,146.509,1370
Prince_William_,149.463,1424
Princess_Aiko_,90.2227,78
Princess_Anne_,124.372,743
Princess_Caroline_,144.53,1335
Princess_Elisabeth_,103.357,246
Princess_Masako_,140.6,1254
Priscilla_Owen_,125.715,785
Priscilla_Presley_,118.511,580
Pupi_Avati_,71.1471,9
Queen_Beatrix_,79.1303,24
Queen_Elizabeth_II_,103.381,247
Queen_Latifah_,136.552,1133
Queen_Rania_,97.1162,148
Rachel_Griffiths_,127.729,843
Rachel_Hunter_,145.111,1342
Rafael_Ramirez_,114.116,463
Raghad_Saddam_Hussein_,120.146,619
Rainer_Schuettler_,129.829,922
Ralf_Schumacher_,138.47,1186
Ralph_Firman_,116.281,525
Ralph_Klein_,164.771,1604
Ralph_Lauren_,113.663,453
Ranil_Wickremasinghe_,150.536,1437
Raoul_Ruiz_,123.944,724
Raquel_Welch_,126.638,807
Ray_Allen_,158.99,1560
Ray_Nagin_,114.784,482
Ray_Romano_,135.886,1115
Raymond_Odierno_,125.961,792
Rebecca_Romijn-Stamos_,134.629,1073
Rebekah_Chantay_Revels_,155.473,1527
Recep_Tayyip_Erdogan_,121.552,657
Reese_Witherspoon_,71.8365,12
Reggie_Miller_,144.171,1330
Renee_Zellweger_,97.5239,155
Ricardo_Lagos_,132.394,998
Ricardo_Lopez_Murphy_,90.6837,81
Ricardo_Maduro_,130.722,951
Ricardo_Monasterio_,129.458,907
Ricardo_Sanchez_,158.549,1557
Rich_Gannon_,130.63,947
Richard_Armitage_,83.9441,39
Richard_Branson_,90.4011,79
Richard_Butler_,135.528,1105
Richard_Crenna_,104.087,262
Richard_Gephardt_,154.391,1508
Richard_Gere_,111.79,399
Richard_Haass_,134.66,1075
Richard_Krajicek_,159.555,1568
Richard_Myers_,108.126,337
Richard_Norton-Taylor_,131.305,967
Richard_Sambrook_,135.874,1114
Richard_Shelby_,117.647,560
Richard_Virenque_,133.771,1048
Richie_Adubato_,125.951,791
Rick_Barnes_,115.568,507
Rick_Carlisle_,112.679,424
Rick_Dinse_,138.415,1184
Rick_Perry_,104.377,266
Rick_Pitino_,120.458,626
Rick_Romley_,93.4483,108
Rick_Santorum_,138.616,1191
Rick_Stansbury_,129.799,921
Rick_Wagoner_,110.617,375
Ricky_Barnes_,123.244,702
Ricky_Martin_,137.729,1167
Ricky_Ponting_,167.147,1619
Rio_Ferdinand_,148.86,1411
Rita_Grande_,139.574,1216
Rita_Moreno_,115.713,511
Rita_Wilson_,127.175,824
Rob_Lowe_,137.496,1161
Rob_Marshall_,145.383,1347
Rob_Schneider_,140.741,1263
Robbie_Fowler_,135.418,1098
Robbie_Williams_,106.957,316
Robby_Ginepri_,120.973,640
Robert_Blackwill_,125.571,777
Robert_Blake_,158.535,1556
Robert_Bonner_,127.246,826
Robert_Bullock_,112.249,411
Robert_DeFraites_,125.583,778
Robert_De_Niro_,136.86,1139
Robert_Duvall_,104.911,277
Robert_Ehrlich_,96.7678,143
Robert_Evans_,127.881,849
Robert_Fico_,111.784,398
Robert_Horan_,105.989,301
Robert_Kocharian_,118.656,584
Robert_Mueller_,118.362,576
Robert_Mugabe_,174.721,1648
Robert_Redford_,133.355,1036
Robert_Stack_,147.583,1390
Robert_Torricelli_,148.502,1409
Robert_Witt_,125.096,758
Robert_Zoellick_,129.719,914
Roberto_Benigni_,120.14,618
Roberto_Carlos_,159.96,1573
Roberto_Marinho_,111.154,385
Robin_Cook_,128.291,866
Robin_McLaurin_Williams_,137.891,1170
Robinson_Stevenin_,136.106,1123
Rod_Blagojevich_,109.061,349
Rod_Stewart_,110.677,377
Rodrigo_Borja_,132.566,1002
Roger_Clemens_,155.194,1523
Roger_Federer_,140.58,1253
Roger_Moore_,151.431,1460
Rogerio_Romero_,136.397,1131
Roh_Moo-hyun_,83.2877,35
Rolandas_Paksas_,89.9263,76
Rolf_Eckrodt_,121.57,658
Roman_Polanski_,71.9436,13
Romano_Prodi_,143.503,1318
Ron_Dittemore_,132.74,1010
Ron_Howard_,99.4397,181
Ronald_Reagan_,154.298,1507
Ronaldo_Luis_Nazario_de_Lima_,109.495,363
Roseanne_Barr_,107.662,328
Rosemarie_Stack_,149.371,1421
Roy_Jones_Jr_,157.728,1549
Roy_Moore_,131.25,966
Roy_Williams_,142.698,1301
Ruben_Studdard_,167.621,1620
Rubens_Barrichello_,122.952,697
Rudolph_Giuliani_,124.123,728
Rupert_Grint_,55.6477,1
Rupert_Murdoch_,132.735,1009
Russell_Coutts_,140.789,1265
Russell_Crowe_,97.7768,162
Russell_Simmons_,145.799,1354
Ruth_Dreifuss_,124.458,745
Ruth_Harlow_,117.118,545
S_Jayakumar_,151.376,1458
Saburo_Kawabuchi_,102.801,234
Sachiko_Yamada_,128.353,867
Saddam_Hussein_,139.875,1224
Sadie_Frost_,104.737,272
Saeb_Erekat_,180.072,1663
Sally_Field_,133.823,1050
Sally_Kirkland_,134.462,1066
Sally_Ride_,146.54,1372
Salma_Hayek_,128.825,879
Salman_Rushdie_,128.027,853
Sam_Bith_,122.597,688
Sam_Mendes_,133.855,1051
Sam_Torrance_,166.86,1616
Samira_Makhmalbaf_,100.449,196
Sammy_Sosa_,164.974,1606
Samuel_Waksal_,150.014,1430
Sandra_Bullock_,124.292,738
Saparmurat_Niyazov_,122.982,698
Sarah_Hughes_,132.518,1001
Sarah_Jessica_Parker_,108.835,345
Sarah_Michelle_Gellar_,107.64,327
Scott_McClellan_,134.226,1061
Scott_McNealy_,130.177,928
Scott_Peterson_,147.719,1392
Scott_Ritter_,129.172,898
Scott_Rudin_,137.749,1168
Scott_Sullivan_,83.1598,34
Scott_Wolf_,92.1041,98
Sean_Astin_,127.251,827
Sean_Hayes_,115.118,492
Sean_OKeefe_,138.236,1180
Sean_Patrick_OMalley_,122.472,684
Sean_Penn_,121.533,655
Sebastian_Saja_,174.27,1643
Sebastien_Grosjean_,141.951,1285
Sepp_Blatter_,150.909,1447
Serena_Williams_,181.973,1666
Sergei_Ivanov_,114.781,481
Sergey_Lavrov_,135.771,1113
Sergio_Garcia_,138.73,1195
Sergio_Vieira_De_Mello_,125.236,761
Shane_Mosley_,180.027,1662
Shane_Warne_,157.696,1548
Shannon_OBrien_,116.963,541
Sharon_Davis_,120.322,623
Sharon_Frey_,120.931,639
Sharon_Osbourne_,131.547,970
Sharon_Stone_,162.382,1584
Shaukat_Aziz_,127.436,836
Shaul_Mofaz_,88.8575,66
Sheila_Copps_,112.431,418
Sheila_Fraser_,96.0265,131
Sheila_Wellstone_,145.911,1357
Sheryl_Crow_,105.538,291
Shia_LaBeouf_,121.051,644
Shimon_Peres_,131.662,976
Sila_Calderon_,103.891,257
Silvan_Shalom_,113.998,461
Silvia_Farina_Elia_,124.257,735
Silvio_Berlusconi_,141.418,1278
Silvio_Fernandez_,145.309,1345
Simon_Cowell_,97.5947,157
Slobodan_Milosevic_,106.332,306
Sonia_Gandhi_,135.651,1109
Sophia_Loren_,106.694,312
Sourav_Ganguly_,184.083,1671
Spencer_Abraham_,105.227,284
Stacy_Dragila_,121.328,648
Stan_Heath_,168.504,1625
Stanley_McChrystal_,115.542,504
Stanley_Tong_,105.854,296
Stefano_Accorsi_,126.585,805
Steffi_Graf_,165.983,1611
Stellan_Skarsgard_,105.797,294
Stephen_Ambrose_,87.2774,50
Stephen_Daldry_,128.216,862
Stephen_Friedman_,114.373,468
Steve_Backley_,172.537,1640
Steve_Ballmer_,135.027,1088
Steve_Lavin_,125.019,757
Steve_Mariucci_,146.448,1368
Steve_Nash_,151.733,1462
Steve_Park_,130.617,945
Steve_Spurrier_,134.903,1085
Steve_Waugh_,77.9933,20
Steven_Hatfill_,94.2389,115
Steven_Seagal_,92.9165,100
Steven_Spielberg_,96.9572,147
Stockard_Channing_,143.276,1316
Strom_Thurmond_,108.893,348
Sue_Wicks_,129.343,903
Surakait_Sathirathai_,111.775,397
Susan_Collins_,140.521,1251
Susan_Sarandon_,110.198,370
Susie_Castillo_,150.845,1444
Susilo_Bambang_Yudhoyono_,131.938,988
Suzanne_Gaudet_,130.769,953
Svetlana_Koroleva_,99.0883,174
Sylvester_Stallone_,118.209,573
Taha_Yassin_Ramadan_,109.441,358
Takashi_Sorimachi_,129.139,896
Tamara_Brooks_,151.909,1464
Tammy_Lynn_Michaels_,91.9329,96
Tang_Jiaxuan_,115.548,505
Tariq_Aziz_,131.645,974
Tassos_Papadopoulos_,127.054,822
Taufik_Hidayat_,142.864,1304
Ted_Maher_,90.8733,82
Terje_Roed-Larsen_,138.218,1179
Terrell_Suggs_,180.441,1664
Terry_McAuliffe_,131.668,977
Terry_Stotts_,136.985,1147
Thabo_Mbeki_,170.451,1635
Thaksin_Shinawatra_,65.1557,4
Theo_Epstein_,159.047,1561
Theodore_Tweed_Roosevelt_,115.019,489
Theresa_May_,133.92,1053
Thierry_Falise_,106.598,309
Thomas_Birmingham_,135.587,1107
Thomas_Bjorn_,149.811,1428
Thomas_Fargo_,96.2932,137
Thomas_Malchow_,108.842,346
Thomas_OBrien_,126.031,794
Thomas_Rupprath_,136.695,1137
Thomas_Wyman_,148.193,1403
Tiger_Woods_,156.122,1533
Tim_Allen_,99.6398,185
Tim_Chapman_,153.235,1492
Tim_Conway_,124.46,746
Tim_Curry_,116.903,540
Tim_Duncan_,164.136,1600
Tim_Floyd_,119.744,614
Tim_Henman_,144.794,1337
Tim_Robbins_,92.9555,101
Tippi_Hedren_,106.245,304
Todd_Haynes_,143.313,1317
Tom_Brady_,124.363,742
Tom_Coverdale_,148.357,1407
Tom_Craddick_,119.359,601
Tom_Crean_,137.674,1166
Tom_Cruise_,92.9963,102
Tom_Daschle_,111.578,392
Tom_Glavine_,101.807,222
Tom_Hanks_,140.096,1235
Tom_Harkin_,161.113,1579
Tom_Jones_,149.602,1426
Tom_Reilly_,147.368,1388
Tom_Ridge_,133.699,1046
Tom_Watson_,132.817,1013
Tommy_Franks_,129.205,899
Tommy_Haas_,116.652,532
Tommy_Robredo_,126.344,801
Tommy_Thompson_,111.734,396
Tomoko_Hagiwara_,133.134,1029
Toni_Braxton_,150.434,1434
Tony_Bennett_,116.776,536
Tony_Blair_,147.893,1397
Tony_Curtis_,117.824,564
Tony_Parker_,147.31,1386
Tony_Shalhoub_,140.179,1239
Tony_Stewart_,112.721,426
Torri_Edwards_,150.232,1432
Toshihiko_Fukui_,104.035,259
Tracee_Ellis_Ross_,131.505,969
Tracy_McGrady_,153.935,1504
Trent_Lott_,130.677,949
Tsutomu_Takebe_,120.734,635
Tubby_Smith_,157.887,1551
Tung_Chee-hwa_,110.676,376
Tyler_Hamilton_,162.511,1585
Tyra_Banks_,174.69,1647
Tyron_Garner_,151.926,1465
Uma_Thurman_,91.7689,92
Vaclav_Havel_,141.047,1268
Vaclav_Klaus_,113.35,446
Valdas_Adamkus_,89.7074,74
Valentino_Rossi_,156.272,1535
Valerie_Harper_,116.214,524
Valery_Giscard_dEstaing_,118.774,588
Vanessa_Incontrada_,93.8759,111
Vanessa_Redgrave_,95.3177,126
Vanessa_Williams_,105.238,285
Venus_Williams_,186.207,1673
Vicente_Fernandez_,137.378,1155
Vicente_Fox_,88.5509,60
Vicki_Zhao_Wei_,137.047,1148
Victoria_Beckham_,114.207,466
Victoria_Clarke_,146.163,1364
Vidar_Helgesen_,138.44,1185
Vin_Diesel_,145.365,1346
Vince_Carter_,114.676,475
Vince_Gill_,109.307,353
Vincent_Brooks_,176.724,1654
Vincent_Gallo_,118.836,590
Vitali_Klitschko_,101.164,213
Vivica_Fox_,151.326,1457
Vladimir_Putin_,140.508,1250
Vladimir_Spidla_,126.434,804
Vladimir_Voltchkov_,152.932,1483
Vladimiro_Montesinos_,139.329,1209
Vojislav_Kostunica_,114.598,473
Walter_Mondale_,142.867,1305
Wang_Yi_,140.4,1248
Wang_Yingfan_,91.2707,86
Warren_Beatty_,132.656,1004
Warren_Buffett_,112.488,419
Wayne_Ferreira_,142.842,1303
Wayne_Gretzky_,122.573,686
Wen_Jiabao_,100.8,205
Wesley_Clark_,155.318,1525
Will_Smith_,136.977,1145
William_Bratton_,123.944,723
William_Bulger_,123.015,700
William_Burns_,99.994,190
William_Donaldson_,144.326,1332
William_Ford_Jr_,117.481,558
William_Hochul_,147.819,1394
William_Macy_,108.753,343
William_Martin_,109.064,350
William_Rehnquist_,129.685,913
Win_Aung_,117.939,568
Winona_Ryder_,116.847,538
Wolfgang_Schuessel_,87.3193,51
Woody_Allen_,150.541,1438
Wu_Yi_,91.1514,85
Xanana_Gusmao_,131.876,985
Xavier_Malisse_,136.488,1132
Yann_Martel_,103.454,249
Yao_Ming_,130.482,938
Yasar_Yakis_,161.421,1580
Yashwant_Sinha_,138.653,1192
Yasser_Arafat_,102.323,229
Yevgeny_Kafelnikov_,153.261,1493
Yoko_Ono_,140.779,1264
Yoriko_Kawaguchi_,125.531,774
Yossi_Beilin_,158.333,1555
Yu_Shyi-kun_,125.694,783
Yukiko_Okudo_,99.312,177
Yuri_Fedotov_,125.333,765
Yuri_Malenchenko_,94.2943,117
Zafarullah_Khan_Jamali_,132.49,999
Zarai_Toledo_,127.879,848
Zhang_Wenkang_,122.425,682
Zhang_Ziyi_,100.765,204
Zhu_Rongji_,78.3215,21
Zico_,117.721,563
Zinedine_Zidane_,111.454,389
Zoran_Djindjic_,122.155,671
