Name,Scores,EMD Ranks
,,,
,,,
Aaron_Peirsol_,117.302,564
Aaron_Sorkin_,134.511,1099
Abdel_Nasser_Assidi_,158.812,1570
Abdoulaye_Wade_,195.737,1679
Abdullah_,139.149,1232
Abdullah_Gul_,128.556,918
Abdullah_al-Attiyah_,139.42,1236
Abdullatif_Sener_,124.901,799
Abel_Pacheco_,138.143,1201
Abid_Hamid_Mahmud_Al-Tikriti_,116.793,550
Adam_Sandler_,133.503,1070
Adam_Scott_,160.24,1590
Adel_Al-Jubeir_,148.607,1430
Adolfo_Aguilar_Zinser_,135.545,1131
Adolfo_Rodriguez_Saa_,90.6504,77
Adrian_McPherson_,155.095,1526
Adrian_Nastase_,141.588,1294
Adrien_Brody_,124.433,781
Ahmad_Masood_,149.206,1436
Ahmed_Chalabi_,111.13,405
Ahmet_Necdet_Sezer_,135.123,1117
Ai_Sugiyama_,135.286,1126
Aicha_El_Ouafi_,122.093,700
Aitor_Gonzalez_,174.421,1650
Akbar_Hashemi_Rafsanjani_,103.649,250
Akhmed_Zakayev_,128.876,931
Al_Davis_,149.355,1440
Al_Gore_,139.255,1234
Al_Pacino_,136.669,1161
Al_Sharpton_,144.213,1344
Alan_Ball_,123.383,746
Alan_Greenspan_,139.938,1246
Alan_Mulally_,128.9,932
Alastair_Campbell_,103.879,254
Albert_Costa_,168.757,1634
Alberto_Fujimori_,127.457,887
Alberto_Ruiz_Gallardon_,106.361,304
Albrecht_Mentz_,128.813,929
Aldo_Paredes_,148.947,1433
Alec_Baldwin_,136.326,1155
Alejandro_Atchugarry_,120.525,652
Alejandro_Avila_,144.167,1342
Alejandro_Toledo_,130.873,993
Aleksander_Kwasniewski_,116.666,547
Alex_Barros_,109.344,367
Alex_Penelas_,106.872,315
Alex_Sink_,138.307,1211
Alexander_Downer_,106.033,297
Alexander_Losyukov_,112.97,451
Alexander_Rumyantsev_,105.998,296
Alexandra_Stevenson_,103.077,236
Alexandra_Vodjanikova_,154.628,1520
Ali_Abbas_,109.501,371
Ali_Khamenei_,138.286,1210
Ali_Naimi_,112.359,436
Alice_Fisher_,141.162,1284
Alicia_Silverstone_,159.534,1582
Alimzhan_Tokhtakhounov_,117.506,571
Alison_Lohman_,106.491,308
Allen_Iverson_,151.973,1485
Allison_Janney_,129.534,952
Allyson_Felix_,155.048,1525
Alvaro_Noboa_,154.829,1524
Alvaro_Silva_Calderon_,106.694,312
Alvaro_Uribe_,99.8034,180
Amanda_Beard_,116.538,544
Amanda_Bynes_,87.5552,53
Amanda_Coetzer_,140.555,1266
Amber_Tamblyn_,109.017,359
Amelia_Vega_,137.475,1187
Amelie_Mauresmo_,123.663,753
Amer_al-Saadi_,114.099,483
Amram_Mitzna_,126.992,873
Ana_Guevara_,177.767,1658
Ana_Palacio_,63.4619,2
Anastasia_Myskina_,121.921,694
Anders_Ebbeson_,162.864,1601
Anders_Fogh_Rasmussen_,166.954,1626
Andre_Agassi_,150.564,1462
Andrei_Mikhnevich_,144.316,1345
Andrew_Bunner_,111.836,420
Andrew_Cuomo_,119.473,621
Andrew_Niccol_,128.99,934
Andrew_Weissmann_,160.903,1594
Andy_Hebb_,110.068,381
Andy_Roddick_,131.057,996
Angela_Bassett_,180.001,1661
Angela_Lansbury_,115.083,508
Angela_Merkel_,85.2546,45
Angelina_Jolie_,113.171,457
Angelo_Reyes_,136.087,1152
Anibal_Ibarra_,125.993,836
Ann_Veneman_,106.78,313
Anna_Kournikova_,166.713,1624
Anna_Nicole_Smith_,114.565,492
Anne_Krueger_,127.339,882
Anne_McLellan_,120.585,654
Anneli_Jaatteenmaki_,101.291,208
Annette_Bening_,107.836,334
Annette_Lu_,134.841,1110
Anthony_Fauci_,107.393,323
Anthony_Hopkins_,137.458,1186
Anthony_LaPaglia_,131.948,1023
Antonio_Banderas_,158.104,1561
Antonio_Palocci_,117.12,558
Antonio_Trillanes_,134.019,1084
Antony_Leung_,132.272,1034
Anwar_Ibrahim_,152.642,1494
Arantxa_Sanchez-Vicario_,183.133,1672
Ari_Fleischer_,138.688,1220
Arianna_Huffington_,123.842,762
Ariel_Sharon_,94.7595,115
Arlen_Specter_,97.9542,157
Arminio_Fraga_,130.089,966
Arnaud_Clement_,156.986,1549
Arnold_Palmer_,134.202,1087
Arnold_Schwarzenegger_,145.393,1359
Arnoldo_Aleman_,153.687,1507
Aron_Ralston_,128.588,921
Arsinee_Khanjian_,132.841,1048
Art_Hoffmann_,89.161,67
Art_Howe_,138.876,1225
Arturo_Gatti_,150.513,1459
Arye_Mekel_,126.962,869
Asa_Hutchinson_,131.975,1024
Ashanti_,149.927,1449
Ashton_Kutcher_,135.162,1118
Atal_Bihari_Vajpayee_,147.785,1410
Augustin_Calleri_,138.269,1209
Augusto_Pinochet_,146.912,1394
Augusto_Roa_Bastos_,123.309,742
Aung_San_Suu_Kyi_,135.551,1132
Azra_Akin_,146.076,1373
Barbara_Brezigar_,97.3429,148
Barbara_Walters_,87.6468,54
Barbra_Streisand_,126.227,844
Barrett_Jackman_,124.349,775
Barry_Alvarez_,131.677,1007
Barry_Zito_,119.389,616
Bashar_Assad_,118.635,597
Begum_Khaleda_Zia_,139.599,1239
Ben_Affleck_,127.788,894
Ben_Curtis_,143.434,1328
Ben_Glisan_,114.795,499
Ben_Howland_,114.864,504
Benazir_Bhutto_,152.767,1496
Benjamin_Netanyahu_,123.242,738
Bernard_Landry_,128.385,914
Bernard_Law_,138.512,1217
Bernard_Lord_,103.298,241
Bernardo_Segura_,141.344,1290
Bertie_Ahern_,151.817,1483
Bertrand_Bonello_,142.034,1301
Beth_Jones_,159.211,1574
Betsy_Smith_,120.174,642
Bijan_Darvish_,148.271,1424
Bijan_Namdar_Zangeneh_,140.155,1253
Biljana_Plavsic_,125.831,826
Bill_Belichick_,140.28,1258
Bill_Callahan_,118.631,596
Bill_Clinton_,108.162,346
Bill_Frist_,109.505,372
Bill_Gates_,124.497,783
Bill_Graham_,94.3792,114
Bill_McBride_,128.658,924
Bill_Nelson_,102.354,224
Bill_Parcells_,136.892,1165
Bill_Paxton_,138.175,1203
Bill_Simon_,117.466,568
Bill_Sizemore_,100.431,190
Billy_Crystal_,76.669,20
Billy_Graham_,117.495,570
Billy_Sollie_,116.617,546
Binyamin_Ben-Eliezer_,146.392,1381
Blythe_Danner_,135.339,1127
Blythe_Hartley_,146.449,1382
Bo_Pelini_,133.114,1058
Bo_Ryan_,130.711,986
Bob_Beauprez_,147.871,1413
Bob_Colvin_,91.3719,87
Bob_Dole_,151.295,1478
Bob_Geldof_,125.854,828
Bob_Graham_,105.463,287
Bob_Hope_,83.5257,40
Bob_Huggins_,120.167,640
Bob_Stoops_,124.595,786
Bobby_Goldwater_,130.666,982
Bobby_Robson_,141.084,1281
Bode_Miller_,142.651,1313
Bono_,127.998,903
Boris_Becker_,146.186,1376
Boris_Berezovsky_,105.153,281
Boris_Yeltsin_,141.87,1300
Brad_Garrett_,131.068,997
Brad_Johnson_,112.994,452
Branko_Crvenkovski_,121.874,693
Brendan_Hansen_,177.253,1656
Brian_Cowen_,64.573,3
Brian_Griese_,153.971,1514
Brian_Heidik_,122.818,728
Brian_Mulroney_,103.46,246
Brian_Wells_,105.041,275
Bridget_Fonda_,127.666,893
Bridgette_Wilson-Sampras_,119.602,626
Brigitte_Boisselier_,162.053,1599
Britney_Spears_,127.522,889
Brooke_Shields_,124.04,766
Bruce_Springsteen_,111.811,417
Bruce_Van_De_Velde_,142.316,1305
Bruce_Weber_,116.946,554
Bud_Selig_,120.845,663
Bulent_Ecevit_,151.461,1481
Butch_Davis_,124.997,803
Byron_Scott_,156.97,1548
Calista_Flockhart_,89.8864,71
Cameron_Diaz_,122.269,706
Camilla_Parker_Bowles_,140.991,1277
Candice_Bergen_,129.395,949
Candie_Kung_,164.389,1611
Carl_Reiner_,150.918,1472
Carla_Del_Ponte_,99.1989,174
Carla_Myers_,100.018,184
Carlo_Ancelotti_,127.404,885
Carlos_Bianchi_,149.413,1441
Carlos_Ghosn_,127.127,878
Carlos_Manuel_Pruneda_,133.38,1066
Carlos_Menem_,117.471,569
Carlos_Mesa_,117.027,556
Carlos_Moya_,121.983,696
Carlos_Ortega_,154.537,1518
Carlos_Quintanilla_Schmidt_,150.722,1466
Carlos_Ruiz_,164.016,1609
Carlos_Vives_,101.067,203
Carly_Fiorina_,109.641,376
Carmen_Electra_,144.975,1352
Carol_Burnett_,117.702,574
Carol_Moseley_Braun_,135.67,1139
Carolina_Kluft_,129.158,941
Carolina_Moraes_,152.841,1497
Caroline_Kennedy_,104.306,263
Carolyn_Dawn_Johnson_,143.066,1321
Carrie-Anne_Moss_,123.474,747
Carson_Daly_,96.8254,143
Carson_Palmer_,123.576,751
Cate_Blanchett_,80.3627,28
Catherine_Deneuve_,147.794,1412
Catherine_Zeta-Jones_,117.28,561
Cathy_Freeman_,137.571,1194
Cecilia_Bolocco_,144.016,1339
Celine_Dion_,128.152,908
Celso_Amorim_,88.8723,63
Cesar_Gaviria_,132.449,1038
Cesar_Maia_,125.262,807
Chakib_Khelil_,104.219,259
Chan_Gailey_,122.714,724
Chanda_Rubin_,152.549,1493
Chang_Dae-whan_,81.5344,32
Charles_Bronson_,121.762,688
Charles_Grassley_,140.312,1259
Charles_Kartman_,124.671,789
Charles_Mathews_,103.103,237
Charles_Moose_,184.199,1673
Charles_Schumer_,135.936,1146
Charles_Taylor_,110.549,392
Charlie_Zaa_,137.949,1200
Charlotte_Rampling_,134.219,1089
Charlton_Heston_,139.975,1247
Chen_Liang_Yu_,95.3234,118
Chen_Shui-bian_,107.939,337
Cherie_Blair_,126.112,841
Chick_Hearn_,141.293,1288
Chita_Rivera_,115.93,530
Choi_Sung-hong_,122.582,718
Chok_Tong_Goh_,108.472,352
Chris_Bell_,119.716,631
Chris_Byrd_,159.164,1573
Chris_Cooper_,90.6882,78
Chris_Rock_,153.177,1499
Chris_Tucker_,187.977,1676
Christian_Fittipaldi_,160.809,1593
Christian_Longo_,140.441,1263
Christian_Wulff_,68.213,6
Christina_Aguilera_,104.707,271
Christine_Baumgartner_,124.365,777
Christine_Ebersole_,125.977,834
Christine_Gregoire_,130.315,972
Christine_Todd_Whitman_,111.674,412
Christopher_Patten_,120.901,664
Christopher_Reeve_,103.698,252
Christopher_Walken_,116.452,541
Chuck_Amato_,109.051,361
Chuck_Yeager_,153.032,1498
Chung_Mong-hun_,101.643,215
Chung_Mong-joon_,113.617,467
Cindy_Crawford_,135.254,1125
Cindy_Margolis_,139.884,1244
Ciro_Gomes_,99.4156,178
Claire_Danes_,126.971,870
Claire_Hentzen_,158.012,1560
Claire_Leger_,105.217,282
Clara_Harris_,140.052,1250
Clare_Short_,134.018,1083
Claudia_Pechstein_,123.813,760
Claudia_Schiffer_,88.2657,59
Clay_Aiken_,115.594,523
Clint_Eastwood_,112.432,437
Colin_Farrell_,101.305,210
Colin_Jackson_,183.075,1671
Colin_Montgomerie_,130.598,980
Colin_Powell_,124.346,774
Conan_OBrien_,112.615,445
Conchita_Martinez_,126.14,843
Condoleezza_Rice_,158.82,1571
Constance_Marie_,164.874,1618
Coretta_Scott_King_,145.703,1366
Corinne_Coman_,133.011,1056
Costas_Simitis_,123.27,741
Courtney_Love_,100.622,194
Cristina_Fernandez_,106.635,310
Cristina_Saralegui_,113.411,462
Cruz_Bustamante_,130.176,969
Cyndi_Thompson_,136.034,1150
Dai_Bachtiar_,120.616,657
Daisy_Fuentes_,122.844,729
Dalai_Lama_,131.863,1016
Dale_Earnhardt_Jr_,111.095,404
Damon_van_Dam_,137.522,1190
Dan_Morales_,122.323,707
Dan_Wheldon_,150.886,1470
Daniel_Day-Lewis_,98.3108,164
Daniel_Radcliffe_,123.346,744
Daniela_Hantuchova_,125.448,812
Darrell_Issa_,102.598,230
Darrell_Porter_,102.027,220
Darren_Clarke_,141.097,1282
Daryl_Hannah_,101.636,213
Dave_Campo_,109.732,377
David_Anderson_,118.27,588
David_Beckham_,126.821,866
David_Bell_,141.287,1287
David_Caraway_,99.1257,173
David_Caruso_,81.0761,30
David_Coulthard_,126.835,867
David_Dodge_,106.93,317
David_Heyman_,127.058,875
David_Heymann_,110.978,402
David_Hyde_Pierce_,127.96,902
David_Kelley_,135.707,1140
David_Leahy_,141.033,1279
David_Myers_,132.186,1032
David_Nalbandian_,135.95,1147
David_Spade_,112.061,428
David_Stern_,124.785,796
David_Trimble_,110.277,388
David_Wells_,122.957,731
David_Wolf_,122.378,709
Dean_Barkley_,129.34,947
Debbie_Reynolds_,111.887,423
Debra_Brown_,103.063,235
Debra_Messing_,87.0932,50
Demetrius_Ferraciu_,128.941,933
Demi_Moore_,127.371,883
Denise_Johnson_,169.129,1640
Dennis_Erickson_,131.886,1018
Dennis_Hastert_,143.89,1335
Dennis_Kozlowski_,151.127,1476
Dennis_Kucinich_,131.991,1025
Dennis_Powell_,120.991,669
Denzel_Washington_,148.5,1427
Derek_Jeter_,124.4,780
Derek_Lowe_,144.71,1347
Desiree_Lemosi_,114.775,497
Dexter_Jackson_,154.628,1519
Diana_Krall_,135.561,1134
Diana_Munz_,130.534,977
Diana_Taurasi_,156.489,1543
Diane_Green_,126.603,858
Dianne_Feinstein_,119.746,632
Dick_Cheney_,83.0287,36
Dick_Clark_,98.2014,161
Dick_Latessa_,94.1744,111
Dick_Vermeil_,140.191,1255
Dino_de_Laurentis_,116.801,552
Dolly_Parton_,150.969,1473
Dolma_Tsering_,127.556,890
Dominik_Garcia-Lorido_,111.952,425
Dominique_de_Villepin_,123.671,754
Don_Nickles_,100.841,199
Donald_Evans_,119.34,613
Donald_Fehr_,143.816,1334
Donald_Pettit_,127.562,891
Donald_Rumsfeld_,80.6834,29
Donatella_Versace_,152.475,1490
Donna_Shalala_,131.29,1001
Doris_Roberts_,116.753,549
Doris_Schroeder_,137.455,1185
Dorthy_Moxley_,107.972,341
Doug_Collins_,145.757,1369
Doug_Duncan_,143.116,1323
Doug_Melvin_,127.574,892
Drew_Barrymore_,117.246,560
Duane_Lee_Chapman_,96.1696,132
Dwayne_Johnson_,166.553,1623
Ed_Rosenthal_,120.307,644
Ed_Smart_,119.396,618
Eddie_Sutton_,128.578,920
Eddy_Merckx_,105.857,293
Edie_Falco_,124.719,793
Edmund_Hillary_,123.682,755
Edmund_Stoiber_,126.261,846
Eduard_Shevardnadze_,95.8162,125
Eduardo_Duhalde_,87.9859,55
Edward_James_Olmos_,132.595,1041
Edward_Kennedy_,111.543,408
Edward_Lu_,98.3612,166
Edward_Norton_,101.723,217
Edward_Said_,132.677,1044
Edwin_Edwards_,128.178,909
Edwina_Currie_,96.4217,138
Eileen_Coparropa_,141.764,1298
Elena_Bovina_,131.902,1020
Eliane_Karp_,123.935,763
Elijah_Wood_,110.846,398
Elin_Nordegren_,95.4208,121
Elinor_Caplan_,137.234,1175
Elisabeth_Schumacher_,116.276,537
Elizabeth_Dole_,130.871,992
Elizabeth_Hurley_,137.524,1191
Elizabeth_Shue_,103.596,249
Elizabeth_Smart_,104.433,267
Elizabeth_Taylor_,88.0141,56
Ellen_DeGeneres_,106.282,302
Ellen_Engleman_,131.875,1017
Elsa_Zylberstein_,153.778,1510
Elton_John_,128.186,910
Elvis_Presley_,75.5919,17
Emanuel_Ginobili_,126.669,862
Emile_Lahoud_,94.3041,112
Emily_Robison_,127.958,901
Emma_Thompson_,132.245,1033
Emma_Watson_,83.4538,39
Emmanuelle_Beart_,129.012,936
Emmit_Smith_,178.723,1659
Enrique_Bolanos_,159.483,1581
Eric_Clapton_,93.7984,107
Eric_Hinske_,114.231,487
Eric_Robert_Rudolph_,103.036,234
Eric_Rosser_,114.405,490
Erik_Morales_,133.947,1079
Erika_Christensen_,118.025,583
Erika_Harold_,134.727,1105
Erin_Runnion_,120.643,658
Ernesto_Zedillo_,101.429,211
Ernie_Els_,134.392,1095
Ernie_Eves_,108.078,343
Ernie_Fletcher_,137.224,1173
Ethan_Hawke_,146.763,1391
Eunice_Barber_,195.546,1678
Eva_Dimas_,120.836,662
Evan_Rachel_Wood_,91.9755,93
Evander_Holyfield_,138.151,1202
Eve_Pelletier_,157,1550
Fabiola_Zuluaga_,145.467,1360
Fabrice_Santoro_,152.278,1488
Farouk_al-Sharaa_,132.737,1046
Faye_Dunaway_,98.0379,158
Fayssal_Mekdad_,122.64,722
Federico_Trillo_,134.896,1111
Felipe_Perez_Roque_,130.514,976
Felix_Mantilla_,151.753,1482
Ferenc_Madl_,84.8167,44
Fernando_Gonzalez_,145.718,1368
Fernando_Henrique_Cardoso_,120.135,637
Fernando_Vargas_,149.821,1447
Fidel_Castro_,147.357,1403
Filippo_Inzaghi_,175.178,1653
Flavia_Delaroli_,135.61,1136
Flor_Montulo_,140.163,1254
Fran_Drescher_,134.833,1109
Frances_Fisher_,101.594,212
Francis_Ford_Coppola_,105.299,285
Francis_George_,124.224,768
Francis_Mer_,122.165,701
Francisco_Flores_,149.474,1443
Franco_Dragone_,100.848,200
Frank_Cassell_,99.3732,177
Frank_Dunham_Jr_,119.475,622
Frank_Griswold_,124.292,770
Frank_Lautenberg_,120.602,656
Frank_Solich_,129.126,939
Frank_Stallone_,104.243,260
Franko_Simatovic_,146.549,1386
Franz_Beckenbauer_,126.123,842
Franz_Fischler_,107.39,322
Franz_Muentefering_,120.38,648
Fred_Eckhard_,105.355,286
Fred_Funk_,154.826,1523
Fred_Thompson_,169.097,1637
Freddy_Garcia_,109.822,379
Fujio_Cho_,132.13,1029
GL_Peiris_,105.108,279
Gabriel_Batistuta_,161.922,1597
Gabriel_Valdes_,148.253,1423
Gao_Qiang_,137.565,1193
Garry_Kasparov_,121.579,682
Garry_Trudeau_,137.285,1177
Gary_Bergeron_,102.312,223
Gary_Carter_,134.019,1085
Gary_Doer_,116.403,539
Gary_Forsee_,136.41,1158
Gary_Locke_,141.659,1296
Gary_Williams_,120.063,635
Gary_Winnick_,130.704,985
Gene_Robinson_,126.451,856
Geno_Auriemma_,119.113,608
Geoff_Hoon_,124.685,792
George_Brumley_,137.51,1188
George_Clooney_,83.0997,37
George_Foreman_,169.299,1642
George_Galloway_,163.657,1606
George_HW_Bush_,120.902,665
George_Karl_,113.144,455
George_Lopez_,130.186,970
George_P_Bush_,103.476,247
George_Papandreou_,163.646,1605
George_Pataki_,124.683,791
George_Robertson_,133.963,1080
George_Roy_Hill_,105.059,276
George_Ryan_,125.456,813
George_Tenet_,146.806,1392
George_Voinovich_,152.395,1489
George_W_Bush_,128.712,926
Georgi_Parvanov_,146.479,1384
Geraldine_Chaplin_,139.16,1233
Gerard_Depardieu_,125.471,814
Gerardo_Gambala_,136.606,1160
Gerhard_Schroeder_,122.323,708
Gerry_Adams_,140.202,1256
Gerry_Parsky_,148.128,1418
Gian_Marco_,137.412,1184
Gianna_Angelopoulos-Daskalaki_,114.798,500
Gil_de_Ferran_,168.758,1635
Gilberto_Rodriguez_Orejuela_,148.945,1432
Gillian_Anderson_,69.0775,7
Gisele_Bundchen_,161.81,1596
Giuseppe_Gibilisco_,110.417,390
Glafcos_Clerides_,123.717,757
Gloria_Allred_,114.745,496
Gloria_Macapagal_Arroyo_,101.676,216
Gloria_Trevi_,129.513,951
Goh_Kun_,98.2541,162
Goldie_Hawn_,136.19,1153
Gonzalo_Sanchez_de_Lozada_,137.807,1197
Goran_Persson_,132.919,1053
Gordon_Brown_,115.663,525
Gordon_Campbell_,110.89,399
Grady_Irvin_Jr_,165.966,1620
Grant_Hackett_,132.957,1055
Gray_Davis_,121.454,677
Greg_Gilbert_,142.668,1314
Greg_Ostertag_,103.001,232
Greg_Owen_,115.148,511
Greg_Rusedski_,147.646,1409
Gregg_Popovich_,119.124,609
Gregory_Geoffroy_,125.214,806
Gregory_Hines_,152.028,1486
Gro_Harlem_Brundtland_,91.7155,91
Guido_Westerwelle_,97.7551,154
Guillaume_Soro_,147.355,1402
Guillermo_Canas_,147.083,1397
Guillermo_Coria_,130.694,983
Guillermo_Ortiz_,121.43,675
Gunter_Pleuger_,129.762,958
Gus_Van_Sant_,112.581,443
Gustavo_Kuerten_,128.533,917
Guy_Hemmings_,130.837,990
Guy_Ritchie_,124.98,801
Gwendal_Peizerat_,132.06,1028
Gwyneth_Paltrow_,101.152,206
Habib_Rizieq_,155.98,1539
Hal_Gehman_,142.175,1303
Hal_Sutton_,114.584,493
Halle_Berry_,116.796,551
Hamid_Karzai_,94.3626,113
Hamzah_Haz_,117.048,557
Hanan_Ashrawi_,105.099,278
Hannah_Stockbauer_,134.954,1116
Hans_Blix_,117.775,577
Hans_Eichel_,125.654,820
Harbhajan_Singh_,125.868,829
Harrison_Ford_,130.161,968
Harry_Belafonte_,174.812,1652
Harry_Kalas_,143.659,1333
Harry_Schmidt_,106.476,307
Harvey_Weinstein_,158.783,1568
Hashim_Thaci_,137.515,1189
Hassan_Nasrallah_,153.551,1504
Hassan_Wirajuda_,108.128,344
Hayley_Tullett_,150.695,1465
Heath_Ledger_,77.9634,21
Heather_Mills_,88.4194,61
Hector_Babenco_,135.176,1120
Hee-Won_Han_,152.545,1492
Heidi_Fleiss_,148.042,1417
Heidi_Klum_,81.5611,33
Heinz_Feldmann_,135.881,1143
Heizo_Takenaka_,107.603,330
Helen_Clark_,131.409,1002
Henrique_Meirelles_,125.35,808
Herb_Sendek_,132.846,1049
Hermann_Maier_,139.264,1235
Herta_Daeubler-Gmelin_,106.271,301
Hichiro_Naemura_,114.003,480
Hideki_Matsui_,142.51,1310
Hilary_Duff_,132.72,1045
Hillary_Clinton_,107.495,327
Hilmi_Ozkok_,104.43,266
Hipolito_Mejia_,160.084,1589
Hisao_Oguchi_,122.477,715
Hitomi_Soga_,111.403,406
Holly_Hunter_,123.234,737
Hootie_Johnson_,148.509,1429
Horst_Koehler_,122.952,730
Hosni_Mubarak_,153.411,1503
Howard_Dean_,122.171,702
Howard_Schultz_,144.363,1346
Howard_Smith_,143.501,1329
Hu_Jintao_,104.69,269
Hugh_Grant_,123.356,745
Hugo_Chavez_,139.51,1238
Hun_Sen_,120.126,636
Iain_Duncan_Smith_,123.83,761
Ian_McKellen_,117.558,572
Ian_Thorpe_,93.9844,109
Iban_Mayo_,151.357,1480
Ibrahim_Jaafari_,149.786,1446
Igor_Ivanov_,102.088,221
Ilan_Ramon_,123.579,752
Imad_Moustapha_,146.198,1378
Inam-ul-Haq_,88.0685,58
Inocencio_Arias_,128.866,930
Intisar_Ajouri_,145.832,1370
Isabella_Rossellini_,97.5808,151
Isabelle_Huppert_,121.588,683
Isaiah_Washington_,182.517,1669
Ishaq_Shahryar_,100.217,188
Ismail_Merchant_,146.505,1385
Iva_Majoli_,136.055,1151
JJ_Redick_,114.145,485
JK_Rowling_,100.202,187
Jack_Grubman_,125.58,817
Jack_Nicholson_,138.745,1222
Jack_Straw_,122.619,720
Jackie_Chan_,122.009,697
Jacqueline_Obradors_,130.397,974
Jacques_Chirac_,122.44,713
Jacques_Rogge_,130.96,994
Jada_Pinkett_Smith_,148.253,1422
Jake_Gyllenhaal_,107.433,325
James_Blake_,129.95,964
James_Butts_,127.124,877
James_Caan_,100.551,193
James_Cameron_,137.388,1182
James_Cunningham_,112.297,432
James_Franco_,96.9774,144
James_Gandolfini_,156.34,1542
James_Ivory_,113.339,460
James_Jones_,112.247,430
James_Kelly_,95.8485,126
James_Kopp_,111.746,415
James_Maguire_,115.882,528
James_McGreevey_,105.755,290
James_Morris_,115.702,526
James_Parker_,137.265,1176
James_Schultz_,113.14,454
James_Smith_,96.4764,140
James_Traficant_,112.334,435
James_Wolfensohn_,119.016,604
Jamie_Villafane_,102.379,225
Jamling_Norgay_,118.816,601
Jan-Michael_Gambill_,171.046,1645
Jan_Ullrich_,159.439,1579
Jane_Fonda_,136.789,1164
Jane_Kaczmarek_,161.946,1598
Jane_Pauley_,120.309,645
Janet_Napolitano_,134.25,1090
Janet_Thorpe_,123.798,759
Janica_Kostelic_,142.281,1304
Jason_Alexander_,121.335,672
Jason_Jennings_,129.192,943
Jason_Kidd_,122.388,710
Jason_Lezak_,129.124,938
Javier_Solana_,133.805,1077
Javier_Weber_,167.723,1630
Jay_Garner_,129.284,946
Jay_Leno_,112.607,444
Jay_Rasulo_,134.501,1098
Jayson_Williams_,125.391,809
Jean-Claude_Braquet_,87.1815,51
Jean-Claude_Juncker_,136.02,1148
Jean-Claude_Trichet_,142.48,1309
Jean-David_Levitte_,123.538,750
Jean-Francois_Pontal_,107.034,319
Jean-Marc_de_La_Sabliere_,120.929,666
Jean-Pierre_Raffarin_,132.664,1043
Jean-Sebastien_Giguere_,93.8555,108
Jean_Brumley_,115.884,529
Jean_Carnahan_,109.465,369
Jean_Charest_,115.343,516
Jean_Chretien_,124.462,782
Jeanne_Moreau_,126.339,848
Jeb_Bush_,144.001,1338
Jeff_Van_Gundy_,118.802,600
Jefferson_Perez_,156.127,1541
Jeffrey_Archer_,109.242,365
Jeffrey_Immelt_,132.381,1037
Jeffrey_Jones_,134.342,1094
Jeffrey_Scott_Postell_,142.696,1317
Jelena_Dokic_,155.944,1538
Jennifer_Aniston_,132.366,1036
Jennifer_Capriati_,119.997,634
Jennifer_Connelly_,122.759,726
Jennifer_Garner_,88.7743,62
Jennifer_Keller_,91.5584,90
Jennifer_Lopez_,128.295,911
Jennifer_Reilly_,135.519,1129
Jennifer_Rodriguez_,120.323,646
Jennifer_Thompson_,134.778,1107
Jeong_Se-hyun_,96.334,135
Jeremy_Greenstock_,104.377,264
Jeremy_Shockey_,103.156,240
Jerry_Falwell_,96.1742,133
Jerry_Regier_,98.3112,165
Jerry_Springer_,119.526,623
Jesse_Harris_,129.848,961
Jesse_Jackson_,157.613,1554
Jesse_James_Leija_,142.344,1306
Jesse_Ventura_,120.697,659
Jessica_Alba_,124.993,802
Jessica_Lange_,91.9385,92
Jessica_Lynch_,73.9159,15
Jia_Qinglin_,112.138,429
Jiang_Zemin_,128.445,915
Jim_Carrey_,122.256,705
Jim_Edmonds_,142.689,1316
Jim_Furyk_,154.494,1517
Jim_Hahn_,126.099,839
Jim_Harrick_,135.166,1119
Jim_OBrien_,158.61,1567
Jim_Tressel_,123.499,749
Jimmy_Carter_,114.85,503
Jimmy_Kimmel_,140.402,1261
Jiri_Novak_,140.909,1275
Jo_Dee_Messina_,156.083,1540
Joan_Claybrook_,118.478,593
Joan_Laporta_,150.071,1453
Job_Cohen_,132.343,1035
Jodie_Foster_,123.694,756
Joe_Calzaghe_,180.899,1666
Joe_Dumars_,185.204,1674
Joe_Gatti_,106.99,318
Joe_Lieberman_,119.346,614
Joe_Mantello_,142.393,1308
Joe_Nichols_,147.794,1411
Joe_Torre_,126.038,838
Joerg_Haider_,115.449,519
John_Abizaid_,124.744,794
John_Allen_Muhammad_,166.324,1622
John_Ashcroft_,124.672,790
John_Banko_,135.249,1124
John_Blaney_,100.493,192
John_Bolton_,108.5,353
John_Brady_,163.207,1603
John_Cusack_,131.267,999
John_Edwards_,121.137,670
John_F_Kennedy_Jr_,129.074,937
John_Garamendi_,155.889,1535
John_Howard_,140.996,1278
John_Jumper_,143.067,1322
John_Kerry_,118.438,592
John_Malkovich_,139.04,1228
John_Manley_,110.244,387
John_Mayer_,101.09,204
John_McCain_,83.6556,41
John_McCallum_,136.23,1154
John_McCormack_,110.719,396
John_McEnroe_,139.934,1245
John_Negroponte_,132.182,1031
John_Paul_II_,133.697,1074
John_Reid_,150.477,1458
John_Reilly_,107.053,320
John_Rigas_,127.424,886
John_Rosa_,149.219,1437
John_Rowland_,121.538,680
John_Ruiz_,129.003,935
John_Snow_,133.358,1065
John_Spencer_,124.559,785
John_Stallworth_,164.768,1616
John_Stockton_,130.337,973
John_Swofford_,121.799,689
John_Taylor_,96.5259,141
John_Timoney_,109.015,358
John_Travolta_,116.588,545
John_Walsh_,114.314,488
John_Warner_,93.6136,105
John_Wolf_,109.173,364
Johnny_Carson_,142.558,1311
Johnny_Depp_,142.9,1319
Johnny_Tapia_,113.756,473
Johnny_Unitas_,104.305,262
Johnson_Panjaitan_,129.175,942
Jolanta_Kwasniewski_,125.584,818
Jon_Corzine_,158.185,1564
Jon_Gruden_,146.87,1393
Jon_Voight_,111.744,414
Jonathan_Edwards_,140.985,1276
Jonathan_Mostow_,112.5,440
Jong_Thae_Hwa_,175.581,1654
Jong_Wook_Lee_,100.756,197
Jorge_Arce_,137.368,1180
Jorge_Batlle_,138.699,1221
Jorge_Castaneda_,147.477,1407
Jorge_Rodolfo_Canicoba_Corral_,102.513,227
Jorge_Valdano_,110.801,397
Joschka_Fischer_,105.932,294
Jose_Canseco_,140.039,1249
Jose_Dirceu_,135.626,1137
Jose_Manuel_Durao_Barroso_,100.935,202
Jose_Maria_Aznar_,139.098,1230
Jose_Mourinho_,133.269,1060
Jose_Sarney_,121.861,692
Jose_Serra_,148.949,1434
Jose_Theodore_,119.658,628
Jose_Viegas_Filho_,157.872,1557
Joseph_Biden_,110.169,382
Joseph_Blatter_,127.511,888
Joseph_Deiss_,121.839,691
Joseph_Estrada_,134.258,1092
Joseph_Ralston_,124.53,784
Juan_Carlos_Ferrero_,121.983,695
Juan_Ignacio_Chela_,155.922,1536
Juan_Manuel_Marquez_,115.43,518
Juan_Pablo_Montoya_,134.568,1100
Juan_Valencia_Osorio_,150.465,1457
Juanes_,129.228,944
Jude_Law_,105.034,274
Judi_Dench_,107.677,332
Judy_Genshaft_,136.907,1166
Juergen_Peters_,159.928,1586
Julia_Tymoshenko_,93.401,103
Julianna_Margulies_,97.4722,150
Julianne_Moore_,111.568,410
Julie_Gerberding_,141.453,1292
Julie_Taymor_,113.521,464
Julio_Iglesias_Jr_,71.4754,12
Junichiro_Koizumi_,131.858,1015
Justin_Gatlin_,169.053,1636
Justin_Guarini_,120.504,651
Justin_Leonard_,127.802,896
Justin_Timberlake_,110.339,389
Justine_Henin_,108.899,357
Justine_Pasek_,106.038,298
Kalpana_Chawla_,123.142,735
Kamal_Kharrazi_,126.442,854
Karen_Mok_,126.634,860
Karin_Stoiber_,155.627,1533
Kate_Capshaw_,131.77,1012
Kate_Hudson_,147.065,1396
Kate_Winslet_,109.039,360
Katherine_Harris_,126.728,865
Kathleen_Glynn_,137.729,1195
Kathleen_Kennedy_Townsend_,103.018,233
Kathryn_Bigelow_,127.078,876
Kathy_Winters_,100,183
Katie_Harman_,142.948,1320
Keanu_Reeves_,149.447,1442
Keira_Knightley_,115.34,515
Keith_Bogans_,179.277,1660
Kelli_White_,156.844,1546
Kelly_Clarkson_,118.778,599
Kelvin_Sampson_,155.405,1531
Kemal_Dervis_,122.462,714
Ken_Macha_,103.776,253
Ken_Watanabe_,96.3942,137
Kenneth_Bowersox_,98.3082,163
Kenneth_Branagh_,95.6829,123
Kenneth_Evans_,139.015,1227
Kent_Rominger_,116.498,543
Kevin_Costner_,134.074,1086
Kevin_Spacey_,112.93,449
Kevin_Stallings_,138.214,1205
Kieran_Prendergast_,146.171,1375
Kifah_Ajouri_,157.837,1556
Kiki_Vandeweghe_,115.23,512
Kim_Clijsters_,93.0923,102
Kim_Dae-jung_,75.0918,16
Kim_Jin-sun_,119.016,603
Kim_Jong-Il_,97.9535,156
Kim_Ryong-sung_,129.599,954
Kim_Yong-il_,105.532,288
Kimi_Raikkonen_,133.778,1076
King_Abdullah_II_,124.639,787
Kirk_Ferentz_,153.192,1500
Kirk_Johnson_,143.337,1327
Kjell_Magne_Bondevik_,110.175,383
Klaus_Zwickel_,121.569,681
Kobe_Bryant_,169.295,1641
Kofi_Annan_,180.686,1665
Kosuke_Kitajima_,139.631,1240
Kristanna_Loken_,98.8601,169
Kristen_Breitweiser_,110.504,391
Kristin_Davis_,112.488,439
Kurt_Busch_,115.954,531
Kurt_Russell_,117.225,559
Kurt_Warner_,120.594,655
Kwon_Yang-sook_,98.7772,168
LK_Advani_,150.807,1468
Laila_Ali_,138.21,1204
Lana_Clarkson_,81.3713,31
Lance_Armstrong_,150.558,1460
Lance_Bass_,113.64,469
Larry_Bowa_,125.873,830
Larry_Brown_,149.323,1439
Larry_Coker_,129.423,950
Larry_Ellison_,144.9,1350
Larry_Johnson_,128.812,928
Larry_Lindsey_,122.553,717
Larry_Lucchino_,112.444,438
Larry_Thompson_,169.109,1638
Lars_Von_Trier_,91.5399,89
Latrell_Sprewell_,157.797,1555
Laura_Bush_,109.358,368
Laura_Hernandez_,125.894,831
Laura_Linney_,119.637,627
Lauren_Hutton_,112.697,446
Lauren_Killian_,127.812,897
Laurent_Gbagbo_,160.356,1591
Laurent_Jalabert_,167.75,1631
Lawrence_MacAulay_,101.102,205
LeAnn_Rimes_,107.371,321
LeBron_James_,180.601,1664
Lea_Fastow_,127.789,895
Leander_Paes_,164.408,1612
Lech_Walesa_,85.6929,48
Lee_Hoi-chang_,100.417,189
Lee_Jun_,88.9229,64
Lee_Soo-hyuck_,159.846,1585
Lee_Tae-sik_,92.5787,98
Leland_Chapman_,121.439,676
Len_Jenoff_,148.841,1431
Lennox_Lewis_,139.1,1231
Lenny_Wilkens_,129.914,963
Leon_LaPorte_,107.712,333
Leonard_Hamilton_,159.753,1584
Leonardo_DiCaprio_,122.249,704
Leonid_Kuchma_,114.978,505
Lesley_McCulloch_,133.68,1073
Leslie_Ann_Woodward_,91.0099,81
Leslie_Caldwell_,133.02,1057
Leslie_Moonves_,96.2739,134
Leszek_Miller_,96.0202,127
Li_Peng_,110.685,394
Li_Zhaoxing_,125.525,815
Liam_Neeson_,134.716,1104
Lili_Taylor_,108.453,351
Lily_Tomlin_,103.104,238
Lim_Dong-won_,107.945,338
Lina_Krasnoroutskaya_,88.0317,57
Lindsay_Benko_,137.891,1199
Lindsay_Davenport_,157.972,1559
Lindsey_Graham_,108.221,348
Lino_Oviedo_,113.997,478
Lionel_Richie_,158.428,1566
Lisa_Gottsegen_,130.283,971
Lisa_Ling_,122.649,723
Lisa_Marie_Presley_,116.447,540
Lisa_Raymond_,141.153,1283
Liu_Mingkang_,118.25,587
Liza_Minnelli_,124.355,776
Lleyton_Hewitt_,140.498,1264
Lloyd_Ward_,99.0781,171
Lon_Kruger_,153.211,1501
Lord_Hutton_,119.526,624
Lou_Piniella_,144.158,1341
Luciano_Pavarotti_,128.589,922
Lucio_Gutierrez_,153.719,1508
Lucy_Liu_,117.302,565
Ludivine_Sagnier_,113.918,476
Luis_Ernesto_Derbez_Bautista_,121.14,671
Luis_Figo_,145.564,1364
Luis_Gonzalez_Macchi_,134.907,1112
Luis_Horna_,171.767,1647
Luiz_Felipe_Scolari_,139.483,1237
Luiz_Inacio_Lula_da_Silva_,134.261,1093
Luke_Walton_,129.621,955
Lyle_Vanclief_,91.1188,84
Lynn_Abraham_,112.309,433
Lynn_Redgrave_,76.2355,19
Lynne_Cheney_,133.714,1075
Mack_Brown_,100.193,185
Madeleine_Albright_,107.427,324
Madonna_,102.52,228
Magdalena_Maleeva_,118.424,591
Maggie_Smith_,89.0541,66
Magui_Serna_,153.65,1506
Mahathir_Mohamad_,130.133,967
Mahmoud_Abbas_,159.347,1577
Makhdoom_Amin_Fahim_,155.157,1527
Manfred_Stolpe_,124.896,798
Manuel_Poggiali_,141.725,1297
Marat_Safin_,133.388,1069
Marc-Andre_Fleury_,115.339,514
Marc_Grossman_,99.8913,181
Marcelo_Ebrard_,113.203,458
Marcelo_Rios_,168.27,1632
Marcelo_Salas_,140.018,1248
Marco_Antonio_Barrera_,116.183,535
Marcus_Gronholm_,79.9074,26
Margaret_Thatcher_,102.203,222
Maria_Luisa_Mendonca_,145.707,1367
Maria_Shriver_,118.089,585
Maria_Soledad_Alvear_Valenzuela_,137.186,1171
Mariah_Carey_,116.015,532
Mariana_Pollack_,88.9455,65
Mariangel_Ruiz_Torrealba_,100.637,195
Marie-Reine_Le_Gougne_,119.394,617
Marieta_Chrousala_,117.722,575
Marilyn_Monroe_,131.808,1014
Marina_Anissina_,128.497,916
Mario_Cipollini_,117.299,563
Mario_Dumont_,103.933,256
Mario_Kreutzberger_,146.148,1374
Marisa_Tomei_,117.618,573
Marissa_Jaret_Winokur_,106.439,305
Mark_Cuban_,133.512,1071
Mark_Dacey_,111.87,421
Mark_Geragos_,115.355,517
Mark_Gottfried_,110.942,401
Mark_Hamister_,128.131,907
Mark_Heller_,124.762,795
Mark_Hurlbert_,131.736,1011
Mark_Philippoussis_,151.143,1477
Mark_Richt_,144.773,1348
Mark_Schweiker_,143.157,1324
Mark_Wahlberg_,133.123,1059
Mark_Warner_,132.92,1054
Markus_Naslund_,130.538,978
Marlene_Weingartner_,144.843,1349
Martha_Beatriz_Roque_,167.67,1629
Martha_Bowen_,109.599,375
Martha_Burk_,141.183,1286
Martha_Lucia_Ramirez_,134.649,1102
Martha_Stewart_,118.285,589
Martin_Brodeur_,108.192,347
Martin_Cauchon_,140.745,1272
Martin_Hoellwarth_,108.05,342
Martin_McCauley_,117.899,580
Martin_McGuinness_,139.719,1241
Martin_Scorsese_,125.415,811
Martin_Sheen_,85.3067,46
Martin_Verkerk_,182.431,1668
Martina_Hingis_,156.877,1547
Martina_McBride_,140.146,1252
Marty_Mornhinweg_,97.722,152
Marwan_Barghouthi_,164.453,1614
Mary-Kate_Olsen_,158.141,1562
Mary_Carey_,113.851,475
Mary_Landrieu_,123.795,758
Mary_Steenburgen_,119.432,620
Mary_Tyler_Moore_,113.073,453
Masahiko_Nagasawa_,127.844,898
Masum_Turker_,121.419,674
Mathias_Reichhold_,117.298,562
Matt_Damon_,85.895,49
Matt_Dillon_,111.487,407
Matt_Doherty_,147.02,1395
Matthew_Broderick_,157.153,1551
Matthew_Perry_,114.836,502
Maureen_Fanning_,92.0679,95
Max_Mayfield_,117.988,582
Megan_Mullally_,114.034,482
Megawati_Sukarnoputri_,126.431,852
Meghann_Shaughnessy_,137.224,1174
Mel_Brooks_,104.109,257
Mel_Gibson_,104.288,261
Melanie_Griffith_,151.885,1484
Melissa_Etheridge_,100.194,186
Meryl_Streep_,70.9624,9
Mesut_Yilmaz_,147.18,1399
Mian_Khursheed_Mehmood_Kasuri_,171.103,1646
Michael_Ballack_,156.53,1544
Michael_Bloomberg_,145.682,1365
Michael_Caine_,99.2597,175
Michael_Capellas_,125.741,824
Michael_Chang_,133.321,1063
Michael_Chiklis_,120.21,643
Michael_Douglas_,104.691,270
Michael_J_Sheehan_,101.637,214
Michael_Jackson_,65.7663,5
Michael_Jordan_,169.112,1639
Michael_Keaton_,158.795,1569
Michael_Kostelnik_,132.157,1030
Michael_Leavitt_,120.784,661
Michael_Moore_,102.612,231
Michael_Patrick_King_,117.419,566
Michael_Phelps_,105.849,292
Michael_Powell_,124.312,771
Michael_Schumacher_,147.182,1400
Michael_Sullivan_,124.664,788
Michael_Winterbottom_,121.502,678
Michel_Duclos_,90.2022,73
Michel_Temer_,126.325,847
Michel_Therrien_,125.823,825
Michelle_Branch_,113.748,472
Michelle_Collins_,154.115,1515
Michelle_Kwan_,113.584,465
Michelle_Pfeiffer_,131.128,998
Michelle_Rodriguez_,135.195,1121
Michelle_Yeoh_,103.887,255
Mick_Jagger_,133.312,1062
Miguel_Contreras_,148.229,1421
Miguel_Estrada_,115.033,507
Mike_Babcock_,139.873,1243
Mike_Brey_,104.895,272
Mike_Helton_,93.6397,106
Mike_Holmgren_,100.701,196
Mike_Krzyzewski_,140.638,1270
Mike_Martz_,117.463,567
Mike_Miller_,163.723,1607
Mike_Montgomery_,115.576,521
Mike_Myers_,153.846,1511
Mike_Price_,136.977,1167
Mike_Scioscia_,138.51,1216
Mike_Tyson_,189.049,1677
Mike_Weir_,160.419,1592
Mikhail_Gorbachev_,102.586,229
Mikhail_Kasyanov_,91.0272,82
Mikhail_Wehbe_,119.241,610
Mikhail_Youzhny_,123.313,743
Mikulas_Dzurinda_,134.602,1101
Milo_Djukanovic_,89.6704,69
Milo_Maestrecampo_,182.746,1670
Minnie_Driver_,113.17,456
Mireya_Moscoso_,123.107,733
Miroljub_,143.92,1336
Mitchell_Daniels_,112.925,448
Mitoji_Yabunaka_,164.937,1619
Miyako_Miyazaki_,131.649,1005
Mohamed_Benaissa_,131.89,1019
Mohamed_ElBaradei_,114.38,489
Mohammad_Khatami_,144.9,1351
Mohammed_Al-Douri_,113.602,466
Mohammed_Baqir_al-Hakim_,101.768,218
Monica_Bellucci_,100.923,201
Monica_Lewinsky_,129.82,960
Monica_Seles_,141.386,1291
Monique_Garbrecht-Enfeldt_,142.367,1307
Morgan_Freeman_,156.729,1545
Moshe_Katsav_,152.171,1487
Muammar_Gaddafi_,170.499,1644
Muhammad_Ali_,127.154,879
Muhammad_Saeed_al-Sahhaf_,116.497,542
Mukesh_Ambani_,109.509,373
Munir_Akram_,138.253,1208
Nabil_Shaath_,108.76,354
Nadia_Petrova_,171.879,1648
Nadine_Vinzens_,128.123,906
Naji_Sabri_,78.6906,23
Nan_Wang_,134.913,1113
Nancy_Demme_,111.57,411
Nancy_Pelosi_,134.947,1115
Nancy_Reagan_,107.953,339
Nancy_Sinatra_,115.491,520
Nanni_Moretti_,155.88,1534
Naomi_Campbell_,153.584,1505
Naomi_Watts_,106.89,316
Naoto_Kan_,126.861,868
Nasser_al-Kidwa_,150.299,1455
Nastassia_Kinski_,111.051,403
Natalie_Cole_,128.299,912
Natalie_Coughlin_,143.582,1331
Natalie_Maines_,138.381,1213
Natasha_McElhone_,120.536,653
Nathalie_Baye_,119.849,633
Nathan_Lane_,119.323,612
Nebojsa_Pavkovic_,158.142,1563
Nelson_Mandela_,152.726,1495
Neri_Marcore_,99.5457,179
Nestor_Kirchner_,124.322,772
Nia_Vardalos_,127.372,884
Nicanor_Duarte_Frutos_,96.1486,131
Nicholas_Byron_,113.71,471
Nicholas_Tse_,140.707,1271
Nick_Nolte_,150.781,1467
Nicolas_Cage_,133.324,1064
Nicolas_Escude_,151,1474
Nicolas_Lapentti_,166.079,1621
Nicole_Kidman_,109.936,380
Nikki_Reed_,105.122,280
Noah_Wyle_,103.302,242
Noelle_Bush_,143.194,1325
Nora_Bendijo_,108.275,349
Norah_Jones_,95.4084,120
Norm_Coleman_,114.785,498
Norman_Jewison_,146.374,1380
Norodom_Sihanouk_,107.902,336
Nursultan_Nazarbayev_,126.035,837
OJ_Simpson_,137.292,1179
Oleksandr_Moroz_,92.5337,97
Olesya_Bonabarenko_,97.265,147
Olivia_Newton-John_,115.254,513
Omar_Sharif_,164.44,1613
Oprah_Winfrey_,144.019,1340
Orlando_Bloom_,138.394,1214
Orrin_Hatch_,148.135,1419
Osama_bin_Laden_,157.156,1552
Oscar_De_La_Hoya_,138.76,1223
Oscar_Elias_Biscet_,154.766,1521
Oswaldo_Paya_,160.013,1588
Owen_Wilson_,115.131,510
Oxana_Fedorova_,125.692,821
Ozzy_Osbourne_,123.969,764
Padraig_Harrington_,148.015,1415
Pamela_Anderson_,136.361,1156
Paradorn_Srichaphan_,145.475,1362
Paris_Hilton_,110.708,395
Parris_Glendening_,138.597,1218
Pascal_Lamy_,129.554,953
Pascal_Quignard_,110.205,385
Pat_Burns_,131.805,1013
Pat_Cox_,157.539,1553
Patrice_Chereau_,112.804,447
Patricia_Clarkson_,139.083,1229
Patricia_Heaton_,96.5546,142
Patrick_Ewing_,167.011,1627
Patrick_Leahy_,145.281,1357
Patrick_McEnroe_,134.484,1097
Patrick_Roy_,90.3153,75
Patrick_Stewart_,128.651,923
Patti_Labelle_,112.966,450
Patty_Schnyder_,126.682,863
Paul-Henri_Mathieu_,134.763,1106
Paul_Bremer_,159.333,1576
Paul_Burrell_,93.9955,110
Paul_Byrd_,164.81,1617
Paul_Coppin_,126.386,850
Paul_Gascoigne_,91.3352,86
Paul_Hogan_,145.544,1363
Paul_Kagame_,146.584,1387
Paul_Martin_,125.409,810
Paul_McCartney_,107.844,335
Paul_McNulty_,88.296,60
Paul_ONeill_,124.875,797
Paul_Patton_,107.481,326
Paul_Pierce_,150.599,1463
Paul_Sarbanes_,120.39,649
Paul_Shanley_,118.481,594
Paul_Tagliabue_,116.353,538
Paul_Wellstone_,120.153,639
Paul_William_Hurley_,134.208,1088
Paul_Wolfowitz_,147.44,1406
Paula_Radcliffe_,107.588,329
Paula_Zahn_,126.24,845
Paulo_Cesar_Pinheiro_,163.141,1602
Pedro_Almodovar_,136.031,1149
Pedro_Malan_,121.801,690
Pedro_Solbes_,96.4743,139
Penelope_Ann_Miller_,130.87,991
Penelope_Cruz_,126.974,871
Pervez_Musharraf_,116.039,533
Pete_Carroll_,132.046,1027
Pete_Rose_,106.792,314
Pete_Sampras_,130.764,987
Peter_Arnett_,147.394,1405
Peter_Bacanovic_,106.124,300
Peter_Costello_,95.3303,119
Peter_Greenaway_,126.715,864
Peter_Harrison_,126.99,872
Peter_Hillary_,116.151,534
Peter_Struck_,139.755,1242
Petria_Thomas_,123.154,736
Petro_Symonenko_,131.67,1006
Phan_Van_Khai_,125.905,833
Phil_Gramm_,106.07,299
Phil_Mickelson_,159.363,1578
Phil_Vassar_,150.641,1464
Philippe_Noiret_,149.154,1435
Pierce_Brosnan_,130.403,975
Pierre_Boulanger_,143.999,1337
Pierre_Pettigrew_,132.908,1052
Placido_Domingo_,133.966,1082
Prince_Charles_,82.2351,34
Prince_Claus_,93.044,101
Prince_Edward_,142.598,1312
Prince_Harry_,101.968,219
Prince_Naruhito_,109.072,362
Prince_Willem-Alexander_,146.615,1389
Prince_William_,99.8919,182
Princess_Aiko_,90.2365,74
Princess_Anne_,124.383,778
Princess_Caroline_,155.939,1537
Princess_Elisabeth_,103.397,244
Princess_Masako_,140.625,1269
Priscilla_Owen_,125.727,823
Priscilla_Presley_,118.541,595
Pupi_Avati_,71.1588,11
Queen_Beatrix_,79.181,24
Queen_Elizabeth_II_,103.407,245
Queen_Latifah_,136.578,1159
Queen_Rania_,133.963,1081
Rachel_Griffiths_,152.528,1491
Rachel_Hunter_,145.125,1354
Rafael_Ramirez_,114.12,484
Raghad_Saddam_Hussein_,120.17,641
Rainer_Schuettler_,129.868,962
Ralf_Schumacher_,146.65,1390
Ralph_Firman_,147.225,1401
Ralph_Klein_,105.793,291
Ralph_Lauren_,113.681,470
Ranil_Wickremasinghe_,150.561,1461
Raoul_Ruiz_,97.4355,149
Raquel_Welch_,126.662,861
Ray_Allen_,170.156,1643
Ray_Nagin_,108.434,350
Ray_Romano_,135.919,1145
Raymond_Odierno_,129.755,957
Rebecca_Romijn-Stamos_,69.8855,8
Rebekah_Chantay_Revels_,98.1529,160
Recep_Tayyip_Erdogan_,121.599,684
Reese_Witherspoon_,71.8661,13
Reggie_Miller_,144.197,1343
Renee_Zellweger_,90.8903,79
Ricardo_Lagos_,106.469,306
Ricardo_Lopez_Murphy_,119.101,607
Ricardo_Maduro_,130.786,989
Ricardo_Monasterio_,124.323,773
Ricardo_Sanchez_,111.828,419
Rich_Gannon_,95.31,117
Richard_Armitage_,84.0561,42
Richard_Branson_,90.4346,76
Richard_Butler_,135.554,1133
Richard_Crenna_,104.114,258
Richard_Gephardt_,154.425,1516
Richard_Gere_,111.882,422
Richard_Haass_,134.692,1103
Richard_Krajicek_,159.564,1583
Richard_Myers_,108.149,345
Richard_Norton-Taylor_,113.314,459
Richard_Sambrook_,135.896,1144
Richard_Shelby_,113.845,474
Richard_Virenque_,145.109,1353
Richie_Adubato_,125.987,835
Rick_Barnes_,115.603,524
Rick_Carlisle_,109.736,378
Rick_Dinse_,138.436,1215
Rick_Perry_,104.452,268
Rick_Pitino_,120.469,650
Rick_Romley_,97.063,146
Rick_Santorum_,106.645,311
Rick_Stansbury_,129.808,959
Rick_Wagoner_,110.681,393
Ricky_Barnes_,123.269,740
Ricky_Martin_,137.779,1196
Ricky_Ponting_,153.247,1502
Rio_Ferdinand_,115.085,509
Rita_Grande_,141.163,1285
Rita_Moreno_,115.735,527
Rita_Wilson_,127.194,880
Rob_Lowe_,110.178,384
Rob_Marshall_,116.941,553
Rob_Schneider_,140.76,1273
Robbie_Fowler_,135.444,1128
Robbie_Williams_,122.029,698
Robby_Ginepri_,120.987,668
Robert_Blackwill_,98.5949,167
Robert_Blake_,96.1093,130
Robert_Bonner_,145.186,1355
Robert_Bullock_,112.288,431
Robert_DeFraites_,125.601,819
Robert_De_Niro_,127.043,874
Robert_Duvall_,118.065,584
Robert_Ehrlich_,134.786,1108
Robert_Evans_,111.977,426
Robert_Fico_,122.434,711
Robert_Horan_,117.819,579
Robert_Kocharian_,118.678,598
Robert_Mueller_,93.4256,104
Robert_Mugabe_,163.523,1604
Robert_Redford_,133.386,1068
Robert_Stack_,147.587,1408
Robert_Torricelli_,148.508,1428
Robert_Witt_,119.703,630
Robert_Zoellick_,115.028,506
Roberto_Benigni_,120.142,638
Roberto_Carlos_,159.973,1587
Roberto_Marinho_,113.961,477
Robin_Cook_,135.707,1141
Robin_McLaurin_Williams_,71.0627,10
Robinson_Stevenin_,114,479
Rod_Blagojevich_,110.938,400
Rod_Stewart_,128.683,925
Rodrigo_Borja_,130.008,965
Roger_Clemens_,155.215,1528
Roger_Federer_,140.59,1268
Roger_Moore_,112.008,427
Rogerio_Romero_,136.405,1157
Roh_Moo-hyun_,83.3402,38
Rolandas_Paksas_,89.9469,72
Rolf_Eckrodt_,121.627,685
Roman_Polanski_,80.2822,27
Romano_Prodi_,143.532,1330
Ron_Dittemore_,132.742,1047
Ron_Howard_,123.479,748
Ronald_Reagan_,128.337,913
Ronaldo_Luis_Nazario_de_Lima_,109.534,374
Roseanne_Barr_,149.704,1445
Rosemarie_Stack_,131.687,1008
Roy_Jones_Jr_,138.334,1212
Roy_Moore_,131.272,1000
Roy_Williams_,168.439,1633
Ruben_Studdard_,164.171,1610
Rubens_Barrichello_,111.55,409
Rudolph_Giuliani_,124.162,767
Rupert_Grint_,72.4422,14
Rupert_Murdoch_,107.542,328
Russell_Coutts_,150.047,1451
Russell_Crowe_,97.7997,155
Russell_Simmons_,159.328,1575
Ruth_Dreifuss_,128.078,905
Ruth_Harlow_,140.373,1260
S_Jayakumar_,167.112,1628
Saburo_Kawabuchi_,119.287,611
Sachiko_Yamada_,125.84,827
Saddam_Hussein_,103.655,251
Sadie_Frost_,105.993,295
Saeb_Erekat_,180.104,1662
Sally_Field_,113.42,463
Sally_Kirkland_,134.481,1096
Sally_Ride_,146.594,1388
Salma_Hayek_,103.361,243
Salman_Rushdie_,128.071,904
Sam_Bith_,122.629,721
Sam_Mendes_,133.874,1078
Sam_Torrance_,186.425,1675
Samira_Makhmalbaf_,100.475,191
Sammy_Sosa_,155.602,1532
Samuel_Waksal_,150.021,1450
Sandra_Bullock_,84.3223,43
Saparmurat_Niyazov_,123.018,732
Sarah_Hughes_,141.553,1293
Sarah_Jessica_Parker_,108.859,355
Sarah_Michelle_Gellar_,107.675,331
Scott_McClellan_,134.256,1091
Scott_McNealy_,137.559,1192
Scott_Peterson_,126.435,853
Scott_Ritter_,105.537,289
Scott_Rudin_,121.657,687
Scott_Sullivan_,119.385,615
Scott_Wolf_,92.1495,96
Sean_Astin_,127.298,881
Sean_Hayes_,128.761,927
Sean_OKeefe_,138.253,1207
Sean_Patrick_OMalley_,122.482,716
Sean_Penn_,122.082,699
Sebastian_Saja_,174.275,1649
Sebastien_Grosjean_,136.762,1163
Sepp_Blatter_,150.914,1471
Serena_Williams_,145.229,1356
Sergei_Ivanov_,114.816,501
Sergey_Lavrov_,135.797,1142
Sergio_Garcia_,138.762,1224
Sergio_Vieira_De_Mello_,119.021,605
Shane_Mosley_,181.579,1667
Shane_Warne_,105.02,273
Shannon_OBrien_,117.012,555
Sharon_Davis_,120.33,647
Sharon_Frey_,120.974,667
Sharon_Osbourne_,131.549,1004
Sharon_Stone_,128.571,919
Shaukat_Aziz_,141.631,1295
Shaul_Mofaz_,125.18,805
Sheila_Copps_,127.887,899
Sheila_Fraser_,96.0753,128
Sheila_Wellstone_,145.917,1372
Sheryl_Crow_,162.434,1600
Shia_LaBeouf_,97.7328,153
Shimon_Peres_,131.696,1010
Sila_Calderon_,137.199,1172
Silvan_Shalom_,148.295,1425
Silvia_Farina_Elia_,124.269,769
Silvio_Berlusconi_,96.0851,129
Silvio_Fernandez_,145.324,1358
Simon_Cowell_,105.069,277
Slobodan_Milosevic_,125.896,832
Sonia_Gandhi_,107.961,340
Sophia_Loren_,60.9436,1
Sourav_Ganguly_,166.878,1625
Spencer_Abraham_,105.247,283
Stacy_Dragila_,121.369,673
Stan_Heath_,161.106,1595
Stanley_McChrystal_,115.59,522
Stanley_Tong_,82.5472,35
Stefano_Accorsi_,126.622,859
Steffi_Graf_,141.778,1299
Stellan_Skarsgard_,135.225,1123
Stephen_Ambrose_,87.3775,52
Stephen_Daldry_,123.115,734
Stephen_Friedman_,114.407,491
Steve_Backley_,145.474,1361
Steve_Ballmer_,89.3636,68
Steve_Lavin_,125.054,804
Steve_Mariucci_,146.474,1383
Steve_Nash_,135.539,1130
Steve_Park_,130.65,981
Steve_Spurrier_,134.924,1114
Steve_Waugh_,78.0115,22
Steven_Hatfill_,123.243,739
Steven_Seagal_,111.945,424
Steven_Spielberg_,119.697,629
Stockard_Channing_,143.281,1326
Strom_Thurmond_,103.135,239
Sue_Wicks_,129.36,948
Surakait_Sathirathai_,111.82,418
Susan_Collins_,140.571,1267
Susan_Sarandon_,110.232,386
Susie_Castillo_,150.858,1469
Susilo_Bambang_Yudhoyono_,131.991,1026
Suzanne_Gaudet_,130.779,988
Svetlana_Koroleva_,99.1076,172
Sylvester_Stallone_,121.511,679
Taha_Yassin_Ramadan_,109.478,370
Takashi_Sorimachi_,129.152,940
Tamara_Brooks_,119.581,625
Tammy_Lynn_Michaels_,91.9787,94
Tang_Jiaxuan_,97.0268,145
Tariq_Aziz_,147.13,1398
Tassos_Papadopoulos_,137.291,1178
Taufik_Hidayat_,142.047,1302
Ted_Maher_,90.9271,80
Terje_Roed-Larsen_,138.238,1206
Terrell_Suggs_,180.454,1663
Terry_McAuliffe_,131.693,1009
Terry_Stotts_,137.025,1169
Thabo_Mbeki_,159.459,1580
Thaksin_Shinawatra_,65.2176,4
Theo_Epstein_,159.069,1572
Theodore_Tweed_Roosevelt_,118.316,590
Theresa_May_,105.259,284
Thierry_Falise_,106.622,309
Thomas_Birmingham_,135.595,1135
Thomas_Bjorn_,149.824,1448
Thomas_Fargo_,96.3794,136
Thomas_Malchow_,108.876,356
Thomas_OBrien_,75.8828,18
Thomas_Rupprath_,136.716,1162
Thomas_Wyman_,148.196,1420
Tiger_Woods_,153.721,1509
Tim_Allen_,85.4583,47
Tim_Chapman_,132.451,1039
Tim_Conway_,126.109,840
Tim_Curry_,124.978,800
Tim_Duncan_,158.425,1565
Tim_Floyd_,145.869,1371
Tim_Henman_,137.409,1183
Tim_Robbins_,92.9877,99
Tippi_Hedren_,106.306,303
Todd_Haynes_,98.8696,170
Tom_Brady_,124.389,779
Tom_Coverdale_,146.368,1379
Tom_Craddick_,119.405,619
Tom_Crean_,148.041,1416
Tom_Cruise_,93.0145,100
Tom_Daschle_,131.046,995
Tom_Glavine_,91.0771,83
Tom_Hanks_,140.114,1251
Tom_Harkin_,98.068,159
Tom_Jones_,149.644,1444
Tom_Reilly_,147.375,1404
Tom_Ridge_,101.303,209
Tom_Watson_,132.857,1050
Tommy_Franks_,129.271,945
Tommy_Haas_,116.691,548
Tommy_Robredo_,126.371,849
Tommy_Thompson_,111.769,416
Tomoko_Hagiwara_,104.412,265
Toni_Braxton_,148.472,1426
Tony_Bennett_,103.595,248
Tony_Blair_,147.897,1414
Tony_Curtis_,112.532,442
Tony_Parker_,177.752,1657
Tony_Shalhoub_,140.206,1257
Tony_Stewart_,102.467,226
Torri_Edwards_,150.261,1454
Toshihiko_Fukui_,126.452,857
Tracee_Ellis_Ross_,131.517,1003
Tracy_McGrady_,153.959,1513
Trent_Lott_,130.704,984
Tsutomu_Takebe_,120.76,660
Tubby_Smith_,157.904,1558
Tung_Chee-hwa_,119.047,606
Tyler_Hamilton_,155.235,1529
Tyra_Banks_,174.698,1651
Tyron_Garner_,154.797,1522
Uma_Thurman_,131.919,1022
Vaclav_Havel_,141.056,1280
Vaclav_Klaus_,113.401,461
Valdas_Adamkus_,89.7414,70
Valentino_Rossi_,138.984,1226
Valerie_Harper_,116.223,536
Valery_Giscard_dEstaing_,111.718,413
Vanessa_Incontrada_,151.083,1475
Vanessa_Redgrave_,114.011,481
Vanessa_Williams_,149.265,1438
Venus_Williams_,164.64,1615
Vicente_Fernandez_,137.383,1181
Vicente_Fox_,150.31,1456
Vicki_Zhao_Wei_,137.069,1170
Victoria_Beckham_,114.224,486
Victoria_Clarke_,146.197,1377
Vidar_Helgesen_,121.641,686
Vin_Diesel_,137.814,1198
Vince_Carter_,114.713,495
Vince_Gill_,109.328,366
Vincent_Brooks_,176.738,1655
Vincent_Gallo_,118.858,602
Vitali_Klitschko_,101.197,207
Vivica_Fox_,151.344,1479
Vladimir_Putin_,140.518,1265
Vladimir_Spidla_,126.449,855
Vladimir_Voltchkov_,153.957,1512
Vladimiro_Montesinos_,122.811,727
Vojislav_Kostunica_,114.603,494
Walter_Mondale_,135.199,1122
Wang_Yi_,140.426,1262
Wang_Yingfan_,91.3824,88
Warren_Beatty_,132.663,1042
Warren_Buffett_,112.517,441
Wayne_Ferreira_,142.863,1318
Wayne_Gretzky_,122.597,719
Wen_Jiabao_,95.5654,122
Wesley_Clark_,117.724,576
Will_Smith_,136.986,1168
William_Bratton_,123.989,765
William_Bulger_,130.593,979
William_Burns_,141.326,1289
William_Donaldson_,95.1447,116
William_Ford_Jr_,142.674,1315
William_Hochul_,112.311,434
William_Macy_,95.7841,124
William_Martin_,109.089,363
William_Rehnquist_,129.712,956
Win_Aung_,117.95,581
Winona_Ryder_,113.638,468
Wolfgang_Schuessel_,79.3223,25
Woody_Allen_,135.643,1138
Wu_Yi_,91.2037,85
Xanana_Gusmao_,131.908,1021
Xavier_Malisse_,122.727,725
Yann_Martel_,132.881,1051
Yao_Ming_,163.815,1608
Yasar_Yakis_,155.26,1530
Yashwant_Sinha_,138.685,1219
Yasser_Arafat_,150.056,1452
Yevgeny_Kafelnikov_,133.282,1061
Yoko_Ono_,140.81,1274
Yoriko_Kawaguchi_,125.554,816
Yossi_Beilin_,126.386,851
Yu_Shyi-kun_,125.721,822
Yukiko_Okudo_,99.3699,176
Yuri_Fedotov_,133.382,1067
Yuri_Malenchenko_,133.608,1072
Zafarullah_Khan_Jamali_,132.497,1040
Zarai_Toledo_,127.892,900
Zhang_Wenkang_,122.44,712
Zhang_Ziyi_,100.802,198
Zhu_Rongji_,143.625,1332
Zico_,117.777,578
Zinedine_Zidane_,118.218,586
Zoran_Djindjic_,122.193,703
