Name,Scores,EMD Ranks
,,
,,
Aaron_Peirsol_,131.93,1002
Aaron_Sorkin_,134.499,1076
Abdel_Nasser_Assidi_,158.803,1561
Abdoulaye_Wade_,177.815,1663
Abdullah_,139.14,1209
Abdullah_Gul_,128.526,900
Abdullah_al-Attiyah_,139.401,1213
Abdullatif_Sener_,124.878,760
Abel_Pacheco_,135.924,1124
Abid_Hamid_Mahmud_Al-Tikriti_,177.24,1660
Adam_Sandler_,115.315,491
Adam_Scott_,160.236,1577
Adel_Al-Jubeir_,168.61,1634
Adolfo_Aguilar_Zinser_,135.522,1111
Adolfo_Rodriguez_Saa_,139.614,1219
Adrian_McPherson_,196.332,1680
Adrian_Nastase_,136.946,1150
Adrien_Brody_,110.825,381
Ahmad_Masood_,126.413,813
Ahmed_Chalabi_,111.09,386
Ahmet_Necdet_Sezer_,129.483,937
Ai_Sugiyama_,130.557,967
Aicha_El_Ouafi_,151.226,1452
Aitor_Gonzalez_,174.414,1653
Akbar_Hashemi_Rafsanjani_,118.593,577
Akhmed_Zakayev_,128.851,908
Al_Davis_,140.223,1239
Al_Gore_,139.25,1211
Al_Pacino_,136.661,1144
Al_Sharpton_,144.195,1335
Alan_Ball_,123.339,705
Alan_Greenspan_,139.925,1227
Alan_Mulally_,110.258,369
Alastair_Campbell_,129.307,930
Albert_Costa_,168.74,1636
Alberto_Fujimori_,127.429,850
Alberto_Ruiz_Gallardon_,129.842,951
Albrecht_Mentz_,128.809,906
Aldo_Paredes_,113.552,440
Alec_Baldwin_,136.267,1135
Alejandro_Atchugarry_,120.512,630
Alejandro_Avila_,160.75,1579
Alejandro_Toledo_,130.824,974
Aleksander_Kwasniewski_,138.492,1194
Alex_Barros_,109.299,351
Alex_Penelas_,106.852,298
Alex_Sink_,118.592,576
Alexander_Downer_,98.388,161
Alexander_Losyukov_,140.569,1249
Alexander_Rumyantsev_,112.07,405
Alexandra_Stevenson_,160.328,1578
Alexandra_Vodjanikova_,154.616,1505
Ali_Abbas_,109.481,356
Ali_Khamenei_,138.259,1188
Ali_Naimi_,112.331,412
Alice_Fisher_,141.144,1268
Alicia_Silverstone_,129.923,954
Alimzhan_Tokhtakhounov_,117.45,555
Alison_Lohman_,114.435,462
Allen_Iverson_,151.965,1462
Allison_Janney_,131.44,991
Allyson_Felix_,173.748,1650
Alvaro_Noboa_,125.619,785
Alvaro_Silva_Calderon_,126.815,825
Alvaro_Uribe_,115.846,508
Amanda_Beard_,116.517,526
Amanda_Bynes_,87.5127,61
Amanda_Coetzer_,140.54,1248
Amber_Tamblyn_,109.009,341
Amelia_Vega_,104.66,247
Amelie_Mauresmo_,145.091,1346
Amer_al-Saadi_,114.073,455
Amram_Mitzna_,126.972,831
Ana_Guevara_,177.764,1662
Ana_Palacio_,63.4203,3
Anastasia_Myskina_,156.069,1529
Anders_Ebbeson_,151.766,1458
Anders_Fogh_Rasmussen_,166.941,1625
Andre_Agassi_,150.553,1437
Andrei_Mikhnevich_,144.298,1336
Andrew_Bunner_,111.803,400
Andrew_Cuomo_,98.6048,163
Andrew_Niccol_,128.965,913
Andrew_Weissmann_,160.892,1582
Andy_Hebb_,110.044,365
Andy_Roddick_,94.6435,107
Angela_Bassett_,151.934,1460
Angela_Lansbury_,78.9125,23
Angela_Merkel_,106.239,284
Angelina_Jolie_,113.132,433
Angelo_Reyes_,136.074,1131
Anibal_Ibarra_,125.966,794
Ann_Veneman_,106.758,295
Anna_Kournikova_,165.154,1617
Anna_Nicole_Smith_,114.559,466
Anne_Krueger_,79.0223,24
Anne_McLellan_,105.057,262
Anneli_Jaatteenmaki_,145.737,1361
Annette_Bening_,133.524,1053
Annette_Lu_,134.83,1092
Anthony_Fauci_,124.877,759
Anthony_Hopkins_,136.4,1140
Anthony_LaPaglia_,142.201,1292
Antonio_Banderas_,158.095,1555
Antonio_Palocci_,117.096,540
Antonio_Trillanes_,134.011,1062
Antony_Leung_,135.692,1117
Anwar_Ibrahim_,152.616,1475
Arantxa_Sanchez-Vicario_,174.199,1651
Ari_Fleischer_,173.428,1649
Arianna_Huffington_,123.824,721
Ariel_Sharon_,94.7384,109
Arlen_Specter_,134.717,1087
Arminio_Fraga_,130.078,955
Arnaud_Clement_,120.542,632
Arnold_Palmer_,163.941,1607
Arnold_Schwarzenegger_,145.39,1353
Arnoldo_Aleman_,155.804,1522
Aron_Ralston_,132.678,1021
Arsinee_Khanjian_,132.837,1029
Art_Hoffmann_,85.8758,53
Art_Howe_,138.813,1202
Arturo_Gatti_,150.508,1436
Arye_Mekel_,126.932,828
Asa_Hutchinson_,108.774,335
Ashanti_,128.47,897
Ashton_Kutcher_,135.148,1099
Atal_Bihari_Vajpayee_,154.577,1503
Augustin_Calleri_,138.262,1189
Augusto_Pinochet_,146.891,1380
Augusto_Roa_Bastos_,128.952,912
Aung_San_Suu_Kyi_,127.973,874
Azra_Akin_,146.064,1368
Barbara_Brezigar_,115.812,506
Barbara_Walters_,110.486,372
Barbra_Streisand_,126.213,808
Barrett_Jackman_,124.34,740
Barry_Alvarez_,131.662,995
Barry_Zito_,119.387,599
Bashar_Assad_,117.49,557
Begum_Khaleda_Zia_,139.577,1218
Ben_Affleck_,127.777,864
Ben_Curtis_,143.422,1319
Ben_Glisan_,111.64,394
Ben_Howland_,114.842,479
Benazir_Bhutto_,152.757,1477
Benjamin_Netanyahu_,149.248,1419
Bernard_Landry_,109.483,357
Bernard_Law_,138.457,1192
Bernard_Lord_,103.263,224
Bernardo_Segura_,141.33,1272
Bertie_Ahern_,152.59,1473
Bertrand_Bonello_,142.004,1289
Beth_Jones_,142.089,1291
Betsy_Smith_,120.142,620
Bijan_Darvish_,148.244,1404
Bijan_Namdar_Zangeneh_,150.915,1447
Biljana_Plavsic_,111.655,395
Bill_Belichick_,140.265,1241
Bill_Callahan_,118.605,578
Bill_Clinton_,138.819,1203
Bill_Frist_,101.81,209
Bill_Gates_,124.494,746
Bill_Graham_,94.3548,104
Bill_McBride_,128.01,876
Bill_Nelson_,156.618,1536
Bill_Parcells_,136.876,1147
Bill_Paxton_,138.149,1182
Bill_Simon_,117.443,553
Bill_Sizemore_,100.413,184
Billy_Crystal_,129.789,946
Billy_Graham_,117.492,558
Billy_Sollie_,116.596,527
Binyamin_Ben-Eliezer_,146.383,1372
Blythe_Danner_,135.303,1103
Blythe_Hartley_,152.95,1481
Bo_Pelini_,133.082,1039
Bo_Ryan_,130.683,971
Bob_Beauprez_,147.849,1395
Bob_Colvin_,91.3296,84
Bob_Dole_,151.258,1453
Bob_Geldof_,125.837,792
Bob_Graham_,147.87,1396
Bob_Hope_,83.4987,42
Bob_Huggins_,128.299,891
Bob_Stoops_,128.429,895
Bobby_Goldwater_,136.075,1132
Bobby_Robson_,141.055,1264
Bode_Miller_,115.816,507
Bono_,75.1067,13
Boris_Becker_,159.643,1571
Boris_Berezovsky_,105.105,266
Boris_Yeltsin_,141.853,1286
Brad_Garrett_,131.048,983
Brad_Johnson_,103.143,223
Branko_Crvenkovski_,151.305,1455
Brendan_Hansen_,129.768,945
Brian_Cowen_,64.5232,4
Brian_Griese_,153.943,1498
Brian_Heidik_,122.803,688
Brian_Mulroney_,103.451,227
Brian_Wells_,105.022,259
Bridget_Fonda_,119.088,589
Bridgette_Wilson-Sampras_,119.584,606
Brigitte_Boisselier_,85.14,47
Britney_Spears_,127.496,854
Brooke_Shields_,124.025,727
Bruce_Springsteen_,111.804,401
Bruce_Van_De_Velde_,157.62,1548
Bruce_Weber_,116.925,533
Bud_Selig_,120.783,638
Bulent_Ecevit_,113.12,432
Butch_Davis_,124.038,729
Byron_Scott_,156.955,1540
Calista_Flockhart_,89.8533,74
Cameron_Diaz_,145.308,1351
Camilla_Parker_Bowles_,116.939,536
Candice_Bergen_,142.526,1297
Candie_Kung_,117.334,548
Carl_Reiner_,150.904,1445
Carla_Del_Ponte_,99.1636,166
Carla_Myers_,99.9892,177
Carlo_Ancelotti_,167.471,1628
Carlos_Bianchi_,149.397,1421
Carlos_Ghosn_,127.115,836
Carlos_Manuel_Pruneda_,112.426,415
Carlos_Menem_,117.444,554
Carlos_Mesa_,116.994,538
Carlos_Moya_,144.302,1337
Carlos_Ortega_,136.349,1137
Carlos_Quintanilla_Schmidt_,150.708,1441
Carlos_Ruiz_,132.683,1022
Carlos_Vives_,101.022,198
Carly_Fiorina_,109.631,360
Carmen_Electra_,137.42,1162
Carol_Burnett_,117.701,561
Carol_Moseley_Braun_,143.914,1328
Carolina_Kluft_,141.481,1277
Carolina_Moraes_,152.827,1479
Caroline_Kennedy_,104.285,243
Carolyn_Dawn_Johnson_,143.039,1310
Carrie-Anne_Moss_,123.469,709
Carson_Daly_,96.8093,137
Carson_Palmer_,123.561,713
Cate_Blanchett_,80.3066,27
Catherine_Deneuve_,134.764,1088
Catherine_Zeta-Jones_,122.372,676
Cathy_Freeman_,147.278,1388
Cecilia_Bolocco_,143.993,1330
Celine_Dion_,128.145,882
Celso_Amorim_,88.8192,69
Cesar_Gaviria_,130.207,959
Cesar_Maia_,125.25,768
Chakib_Khelil_,82.8576,36
Chan_Gailey_,141.754,1283
Chanda_Rubin_,168.861,1638
Chang_Dae-whan_,81.4599,33
Charles_Bronson_,113.66,445
Charles_Grassley_,140.31,1242
Charles_Kartman_,124.662,751
Charles_Mathews_,117.221,542
Charles_Moose_,184.191,1675
Charles_Schumer_,135.929,1127
Charles_Taylor_,123.255,701
Charlie_Zaa_,137.91,1173
Charlotte_Rampling_,129.043,914
Charlton_Heston_,126.006,798
Chen_Liang_Yu_,128.463,896
Chen_Shui-bian_,107.904,321
Cherie_Blair_,109.427,354
Chick_Hearn_,141.275,1271
Chita_Rivera_,115.91,510
Choi_Sung-hong_,109.987,364
Chok_Tong_Goh_,108.871,338
Chris_Bell_,119.695,609
Chris_Byrd_,163.724,1605
Chris_Cooper_,93.522,94
Chris_Rock_,157.878,1552
Chris_Tucker_,187.964,1676
Christian_Fittipaldi_,160.79,1580
Christian_Longo_,128.193,885
Christian_Wulff_,68.1438,6
Christina_Aguilera_,104.675,248
Christine_Baumgartner_,122.16,671
Christine_Ebersole_,131.123,987
Christine_Gregoire_,90.0445,76
Christine_Todd_Whitman_,111.667,396
Christopher_Patten_,139.255,1212
Christopher_Reeve_,83.1613,39
Christopher_Walken_,116.434,523
Chuck_Amato_,109.009,342
Chuck_Yeager_,144.145,1331
Chung_Mong-hun_,117.835,566
Chung_Mong-joon_,113.578,441
Cindy_Crawford_,135.247,1102
Cindy_Margolis_,139.868,1224
Ciro_Gomes_,178.256,1664
Claire_Danes_,126.942,829
Claire_Hentzen_,157.983,1554
Claire_Leger_,119.712,611
Clara_Harris_,129.542,939
Clare_Short_,128.867,910
Claudia_Pechstein_,123.812,720
Claudia_Schiffer_,93.8554,99
Clay_Aiken_,115.574,501
Clint_Eastwood_,112.367,413
Colin_Farrell_,101.275,203
Colin_Jackson_,154.1,1501
Colin_Montgomerie_,146.217,1370
Colin_Powell_,128.208,886
Conan_OBrien_,101.936,212
Conchita_Martinez_,126.119,802
Condoleezza_Rice_,120.794,639
Constance_Marie_,164.872,1614
Coretta_Scott_King_,145.693,1359
Corinne_Coman_,128.014,877
Costas_Simitis_,123.201,698
Courtney_Love_,100.615,190
Cristina_Fernandez_,106.6,293
Cristina_Saralegui_,113.384,438
Cruz_Bustamante_,130.17,957
Cyndi_Thompson_,136.029,1130
Dai_Bachtiar_,120.569,633
Daisy_Fuentes_,129.343,931
Dalai_Lama_,125.043,764
Dale_Earnhardt_Jr_,107.687,318
Damon_van_Dam_,99.3654,171
Dan_Morales_,122.289,673
Dan_Wheldon_,154.647,1506
Daniel_Day-Lewis_,145.198,1347
Daniel_Radcliffe_,123.328,703
Daniela_Hantuchova_,125.427,775
Darrell_Issa_,102.574,219
Darrell_Porter_,161.025,1584
Darren_Clarke_,141.088,1265
Daryl_Hannah_,149.48,1423
Dave_Campo_,120.667,636
David_Anderson_,143.867,1326
David_Beckham_,126.793,824
David_Bell_,141.274,1270
David_Caraway_,133.376,1050
David_Caruso_,81.0506,31
David_Coulthard_,126.821,826
David_Dodge_,106.923,301
David_Heyman_,127.035,832
David_Heymann_,117.233,543
David_Hyde_Pierce_,127.936,873
David_Kelley_,135.701,1119
David_Leahy_,141.03,1263
David_Myers_,132.815,1027
David_Nalbandian_,135.925,1125
David_Spade_,112.05,404
David_Stern_,113.596,442
David_Trimble_,110.216,368
David_Wells_,122.94,693
David_Wolf_,122.35,674
Dean_Barkley_,127.227,842
Debbie_Reynolds_,97.2769,143
Debra_Brown_,103.041,222
Debra_Messing_,103.694,232
Demetrius_Ferraciu_,143.236,1316
Demi_Moore_,127.352,847
Denise_Johnson_,169.113,1640
Dennis_Erickson_,131.837,999
Dennis_Hastert_,138.294,1190
Dennis_Kozlowski_,151.122,1451
Dennis_Kucinich_,97.4982,145
Dennis_Powell_,119.393,600
Denzel_Washington_,139.549,1216
Derek_Jeter_,124.392,743
Derek_Lowe_,144.7,1342
Desiree_Lemosi_,114.743,473
Dexter_Jackson_,154.608,1504
Diana_Krall_,135.525,1112
Diana_Munz_,120.637,635
Diana_Taurasi_,135.511,1109
Diane_Green_,95.4142,115
Dianne_Feinstein_,118.612,579
Dick_Cheney_,82.9881,37
Dick_Clark_,98.1645,157
Dick_Latessa_,146.728,1376
Dick_Vermeil_,140.164,1236
Dino_de_Laurentis_,116.77,531
Dolly_Parton_,129.413,936
Dolma_Tsering_,127.554,858
Dominik_Garcia-Lorido_,127.989,875
Dominique_de_Villepin_,158.993,1562
Don_Nickles_,100.835,194
Don_Siegelman_,124.411,744
Donald_Evans_,128.329,893
Donald_Fehr_,143.793,1325
Donald_Pettit_,136.471,1141
Donald_Rumsfeld_,80.6481,28
Donatella_Versace_,152.457,1470
Donna_Shalala_,139.402,1214
Doris_Roberts_,96.2774,127
Doris_Schroeder_,125.796,791
Dorthy_Moxley_,107.935,323
Doug_Collins_,145.749,1362
Doug_Duncan_,143.095,1312
Doug_Melvin_,127.544,856
Drew_Barrymore_,117.24,544
Duane_Lee_Chapman_,122.366,675
Dwayne_Johnson_,166.55,1621
Ed_Rosenthal_,123.558,712
Ed_Smart_,135.896,1123
Eddie_Sutton_,111.751,397
Eddy_Merckx_,116.482,524
Edie_Falco_,109.953,363
Edmund_Hillary_,155.332,1516
Edmund_Stoiber_,117.709,563
Eduard_Shevardnadze_,124.6,749
Eduardo_Duhalde_,119.702,610
Edward_James_Olmos_,132.548,1013
Edward_Kennedy_,111.5,389
Edward_Lu_,98.3554,160
Edward_Norton_,87.4999,60
Edward_Said_,132.674,1020
Edwin_Edwards_,129.072,916
Edwina_Currie_,96.3654,130
Eileen_Coparropa_,157.587,1547
Elena_Bovina_,114.54,464
Eliane_Karp_,123.929,722
Elijah_Wood_,110.839,382
Elin_Nordegren_,112.891,424
Elinor_Caplan_,137.211,1155
Elisabeth_Schumacher_,116.262,519
Elizabeth_Dole_,130.868,978
Elizabeth_Hurley_,137.517,1165
Elizabeth_Shue_,87.1583,57
Elizabeth_Smart_,104.395,246
Elizabeth_Taylor_,87.9851,63
Ellen_DeGeneres_,106.236,283
Ellen_Engleman_,116.351,521
Elsa_Zylberstein_,153.741,1494
Elton_John_,128.157,883
Elvis_Presley_,93.1,92
Emanuel_Ginobili_,139.962,1228
Emile_Lahoud_,145.65,1358
Emily_Robison_,127.928,872
Emma_Thompson_,107.407,308
Emma_Watson_,81.675,34
Emmanuelle_Beart_,134.163,1068
Emmit_Smith_,166.62,1622
Enrique_Bolanos_,152.06,1463
Eric_Clapton_,93.7711,97
Eric_Hinske_,157.695,1549
Eric_Robert_Rudolph_,124.045,730
Eric_Rosser_,124.034,728
Erik_Morales_,133.922,1059
Erika_Christensen_,108.05,327
Erika_Harold_,134.713,1086
Erin_Runnion_,148.731,1410
Ernesto_Zedillo_,125.555,778
Ernie_Els_,111.606,393
Ernie_Eves_,108.048,326
Ernie_Fletcher_,137.198,1154
Ethan_Hawke_,115.188,486
Eunice_Barber_,195.54,1679
Eva_Dimas_,143.129,1314
Evan_Rachel_Wood_,112.146,407
Evander_Holyfield_,138.143,1181
Eve_Pelletier_,129.134,921
Fabiola_Zuluaga_,155.345,1517
Fabrice_Santoro_,152.262,1466
Farouk_al-Sharaa_,132.732,1024
Faye_Dunaway_,119.501,604
Fayssal_Mekdad_,162.903,1598
Federico_Trillo_,121.281,650
Felipe_Perez_Roque_,130.49,964
Felix_Mantilla_,151.741,1457
Ferenc_Madl_,106.152,281
Fernando_Gonzalez_,145.709,1360
Fernando_Henrique_Cardoso_,123.111,696
Fernando_Vargas_,149.802,1427
Fidel_Castro_,131.139,988
Filippo_Inzaghi_,175.176,1658
Flavia_Delaroli_,143.623,1322
Flor_Montulo_,140.146,1235
Fran_Drescher_,134.828,1091
Frances_Fisher_,101.575,206
Francis_Ford_Coppola_,115.225,488
Francis_George_,124.201,733
Francis_Mer_,113.983,453
Francisco_Flores_,127.374,849
Franco_Dragone_,147.164,1387
Frank_Cassell_,120.88,641
Frank_Dunham_Jr_,113.722,449
Frank_Griswold_,124.268,735
Frank_Lautenberg_,103.524,230
Frank_Solich_,129.106,918
Frank_Stallone_,104.197,240
Franko_Simatovic_,128.49,898
Franz_Beckenbauer_,157.033,1541
Franz_Fischler_,139.975,1229
Franz_Muentefering_,115.175,485
Fred_Eckhard_,105.32,269
Fred_Funk_,150.98,1448
Fred_Thompson_,169.083,1639
Freddy_Garcia_,122.638,683
Fujio_Cho_,141.869,1287
GL_Peiris_,105.07,263
Gabriel_Batistuta_,161.911,1593
Gabriel_Valdes_,124.261,734
Gao_Qiang_,137.533,1167
Garry_Kasparov_,121.557,658
Garry_Trudeau_,137.281,1157
Gary_Bergeron_,105.58,273
Gary_Carter_,133.995,1061
Gary_Doer_,155.461,1520
Gary_Forsee_,116.691,529
Gary_Locke_,141.637,1281
Gary_Williams_,120.046,616
Gary_Winnick_,130.673,970
Gene_Robinson_,126.428,814
Geno_Auriemma_,120.807,640
Geoff_Hoon_,125.603,784
George_Brumley_,133.089,1040
George_Clooney_,123.318,702
George_Foreman_,169.277,1642
George_Galloway_,104.268,241
George_HW_Bush_,150.896,1444
George_Karl_,113.069,430
George_Lopez_,168.739,1635
George_P_Bush_,103.47,229
George_Papandreou_,163.628,1603
George_Pataki_,122.812,690
George_Robertson_,133.933,1060
George_Roy_Hill_,105.032,260
George_Ryan_,127.45,852
George_Tenet_,146.789,1377
George_Voinovich_,152.374,1467
George_W_Bush_,128.688,902
Georgi_Parvanov_,133.489,1052
Geraldine_Chaplin_,119.489,603
Gerard_Depardieu_,125.454,776
Gerardo_Gambala_,136.567,1142
Gerhard_Schroeder_,106.059,278
Gerry_Adams_,140.193,1238
Gerry_Parsky_,148.1,1401
Gian_Marco_,137.403,1161
Gianna_Angelopoulos-Daskalaki_,114.79,476
Gil_de_Ferran_,168.744,1637
Gilberto_Rodriguez_Orejuela_,148.936,1415
Gillian_Anderson_,88.7293,67
Gisele_Bundchen_,161.8,1592
Giuseppe_Gibilisco_,110.398,370
Glafcos_Clerides_,123.996,725
Gloria_Allred_,114.727,472
Gloria_Macapagal_Arroyo_,120.995,645
Gloria_Trevi_,129.506,938
Goh_Kun_,98.2163,158
Goldie_Hawn_,106.202,282
Gonzalo_Sanchez_de_Lozada_,84.653,45
Goran_Persson_,132.877,1030
Gordon_Brown_,115.627,503
Gordon_Campbell_,110.859,383
Grady_Irvin_Jr_,165.954,1620
Grant_Hackett_,132.935,1035
Gray_Davis_,121.451,653
Greg_Gilbert_,142.664,1301
Greg_Ostertag_,102.966,221
Greg_Owen_,127.272,845
Greg_Rusedski_,147.622,1392
Gregg_Popovich_,124.679,753
Gregory_Geoffroy_,140.058,1232
Gregory_Hines_,150.421,1434
Gro_Harlem_Brundtland_,100.458,185
Guido_Westerwelle_,97.7288,151
Guillaume_Soro_,194.26,1677
Guillermo_Canas_,128.237,888
Guillermo_Coria_,180.225,1667
Guillermo_Ortiz_,160.851,1581
Gunter_Pleuger_,129.742,944
Gus_Van_Sant_,112.56,419
Gustavo_Kuerten_,152.69,1476
Guy_Hemmings_,130.831,975
Guy_Ritchie_,124.971,762
Gwendal_Peizerat_,140.713,1254
Gwyneth_Paltrow_,88.781,68
Habib_Rizieq_,155.968,1527
Hal_Gehman_,144.598,1341
Hal_Sutton_,114.563,467
Halle_Berry_,116.76,530
Hamid_Karzai_,145.451,1354
Hamzah_Haz_,117.02,539
Hanan_Ashrawi_,105.071,264
Hannah_Stockbauer_,134.939,1096
Hans_Blix_,134.617,1081
Hans_Eichel_,125.642,786
Harbhajan_Singh_,163.862,1606
Harrison_Ford_,99.8656,175
Harry_Belafonte_,174.8,1656
Harry_Kalas_,143.65,1323
Harry_Schmidt_,100.932,197
Harvey_Weinstein_,96.276,126
Hashim_Thaci_,100.634,191
Hassan_Nasrallah_,153.532,1488
Hassan_Wirajuda_,91.8194,86
Hayley_Tullett_,150.687,1440
Heath_Ledger_,77.9384,17
Heather_Mills_,85.1021,46
Hector_Babenco_,124.525,747
Hee-Won_Han_,152.529,1471
Heidi_Fleiss_,174.373,1652
Heidi_Klum_,126.764,822
Heinz_Feldmann_,134.067,1066
Heizo_Takenaka_,134.037,1065
Helen_Clark_,115.277,490
Henrique_Meirelles_,125.346,769
Herb_Sendek_,132.817,1028
Hermann_Maier_,99.2577,168
Herta_Daeubler-Gmelin_,81.011,30
Hichiro_Naemura_,131.986,1003
Hideki_Matsui_,135.433,1107
Hilary_Duff_,132.696,1023
Hillary_Clinton_,70.2866,8
Hilmi_Ozkok_,119.1,590
Hipolito_Mejia_,104.841,252
Hisao_Oguchi_,135.418,1105
Hitomi_Soga_,106.293,287
Holly_Hunter_,123.212,699
Hootie_Johnson_,148.488,1409
Horst_Koehler_,108.77,334
Hosni_Mubarak_,127.171,838
Howard_Dean_,122.136,669
Howard_Schultz_,144.35,1338
Howard_Smith_,132.59,1017
Hu_Jintao_,97.7851,153
Hugh_Grant_,123.329,704
Hugo_Chavez_,128.135,881
Hun_Sen_,120.109,617
Iain_Duncan_Smith_,123.808,719
Ian_McKellen_,114.216,458
Ian_Thorpe_,93.9504,101
Iban_Mayo_,130.867,977
Ibrahim_Jaafari_,149.762,1426
Igor_Ivanov_,102.038,213
Ilan_Ramon_,123.569,714
Imad_Moustapha_,146.186,1369
Inam-ul-Haq_,110.7,378
Inocencio_Arias_,138.151,1183
Intisar_Ajouri_,145.816,1365
Isabella_Rossellini_,97.5488,146
Isabelle_Huppert_,131.576,993
Isaiah_Washington_,129.715,942
Ishaq_Shahryar_,119.105,591
Ismail_Merchant_,138.871,1204
Iva_Majoli_,154.907,1512
JJ_Redick_,156.114,1530
JK_Rowling_,146.557,1374
Jack_Grubman_,125.557,780
Jack_Nicholson_,138.74,1200
Jack_Straw_,122.594,681
Jackie_Chan_,142.908,1307
Jacqueline_Obradors_,113.656,444
Jacques_Chirac_,144.163,1333
Jacques_Rogge_,130.954,979
Jada_Pinkett_Smith_,148.21,1403
Jake_Gyllenhaal_,107.408,309
James_Blake_,116.01,513
James_Butts_,127.096,835
James_Caan_,100.529,187
James_Cameron_,137.388,1160
James_Cunningham_,112.276,409
James_Franco_,96.9515,138
James_Gandolfini_,161.101,1585
James_Ivory_,113.317,436
James_Jones_,120.032,614
James_Kelly_,87.318,58
James_Kopp_,126.183,804
James_Maguire_,115.853,509
James_McGreevey_,155.363,1518
James_Morris_,123.43,706
James_Parker_,142.558,1299
James_Schultz_,113.113,431
James_Smith_,96.4232,132
James_Traficant_,143.521,1321
James_Wolfensohn_,118.989,586
Jamie_Villafane_,102.352,215
Jamling_Norgay_,131.492,992
Jan-Michael_Gambill_,127.183,841
Jan_Ullrich_,132.74,1025
Jane_Fonda_,136.768,1146
Jane_Kaczmarek_,161.94,1594
Jane_Pauley_,120.293,624
Janet_Napolitano_,134.22,1070
Janet_Thorpe_,123.763,718
Janica_Kostelic_,142.274,1294
Jason_Alexander_,121.302,651
Jason_Jennings_,129.162,924
Jason_Kidd_,121.843,667
Jason_Lezak_,136.913,1149
Javier_Solana_,78.8362,22
Javier_Weber_,167.712,1630
Jay_Garner_,129.26,928
Jay_Leno_,138.034,1178
Jay_Rasulo_,134.477,1075
Jayson_Williams_,125.37,770
Jean-Claude_Braquet_,140.245,1240
Jean-Claude_Juncker_,135.996,1129
Jean-Claude_Trichet_,115.995,512
Jean-David_Levitte_,140.729,1255
Jean-Francois_Pontal_,107.005,304
Jean-Marc_de_La_Sabliere_,120.909,642
Jean-Pierre_Raffarin_,132.658,1019
Jean-Sebastien_Giguere_,93.8193,98
Jean_Brumley_,115.801,505
Jean_Carnahan_,109.45,355
Jean_Charest_,115.276,489
Jean_Chretien_,123.748,717
Jeanne_Moreau_,126.296,810
Jeb_Bush_,143.975,1329
Jeff_Van_Gundy_,131.062,985
Jefferson_Perez_,156.123,1531
Jeffrey_Archer_,109.208,349
Jeffrey_Immelt_,159.47,1569
Jeffrey_Jones_,125.556,779
Jeffrey_Scott_Postell_,142.69,1303
Jelena_Dokic_,148.828,1412
Jennifer_Aniston_,132.346,1008
Jennifer_Capriati_,128.8,905
Jennifer_Connelly_,122.739,685
Jennifer_Garner_,130.258,961
Jennifer_Keller_,100.143,179
Jennifer_Lopez_,147.919,1399
Jennifer_Reilly_,135.5,1108
Jennifer_Rodriguez_,120.303,625
Jennifer_Thompson_,123.705,716
Jeong_Se-hyun_,96.2941,128
Jeremy_Greenstock_,129.87,952
Jeremy_Shockey_,112.379,414
Jerry_Falwell_,96.1407,123
Jerry_Regier_,104.979,257
Jerry_Springer_,119.485,602
Jesse_Harris_,129.83,948
Jesse_Jackson_,112.945,428
Jesse_James_Leija_,121.22,649
Jesse_Ventura_,109.726,361
Jessica_Alba_,96.4082,131
Jessica_Lange_,132.577,1016
Jessica_Lynch_,136.988,1152
Jia_Qinglin_,112.099,406
Jiang_Zemin_,133.02,1038
Jim_Carrey_,117.939,570
Jim_Edmonds_,142.672,1302
Jim_Furyk_,154.485,1502
Jim_Hahn_,121.946,668
Jim_Harrick_,135.137,1098
Jim_OBrien_,158.6,1559
Jim_Tressel_,123.474,710
Jimmy_Carter_,103.987,235
Jimmy_Kimmel_,105.109,267
Jiri_Novak_,140.891,1261
Jo_Dee_Messina_,132.982,1036
Joan_Claybrook_,118.459,574
Joan_Laporta_,144.158,1332
Job_Cohen_,126.059,800
Jodie_Foster_,123.685,715
Joe_Calzaghe_,180.892,1670
Joe_Dumars_,157.416,1544
Joe_Gatti_,106.955,302
Joe_Lieberman_,129.792,947
Joe_Mantello_,142.369,1296
Joe_Nichols_,147.791,1394
Joe_Torre_,126.019,799
Joerg_Haider_,111.333,388
John_Abizaid_,124.731,754
John_Allen_Muhammad_,175.998,1659
John_Ashcroft_,124.624,750
John_Banko_,135.231,1101
John_Blaney_,100.465,186
John_Bolton_,113.692,447
John_Brady_,163.191,1601
John_Cusack_,131.252,989
John_Edwards_,121.094,647
John_F_Kennedy_Jr_,129.064,915
John_Garamendi_,119.349,596
John_Howard_,140.975,1262
John_Jumper_,143.065,1311
John_Kerry_,118.429,573
John_Malkovich_,86.0281,55
John_Manley_,110.206,367
John_Mayer_,117.435,552
John_McCain_,100.567,188
John_McCallum_,125.152,765
John_McCormack_,110.695,377
John_McEnroe_,95.4794,116
John_Negroponte_,132.176,1005
John_Paul_II_,97.6326,147
John_Reid_,117.28,546
John_Reilly_,107.05,305
John_Rigas_,160.181,1576
John_Rosa_,149.217,1418
John_Rowland_,94.998,110
John_Ruiz_,120.598,634
John_Snow_,133.335,1047
John_Spencer_,146.915,1381
John_Stallworth_,164.762,1613
John_Stockton_,130.311,962
John_Swofford_,118.11,571
John_Taylor_,96.5006,134
John_Timoney_,108.986,340
John_Travolta_,130.22,960
John_Walsh_,114.285,459
John_Warner_,93.5563,95
John_Wolf_,96.2372,124
Johnny_Carson_,142.548,1298
Johnny_Depp_,142.887,1306
Johnny_Tapia_,113.719,448
Johnny_Unitas_,104.288,244
Johnson_Panjaitan_,129.143,923
Jolanta_Kwasniewski_,125.578,782
Jon_Corzine_,156.508,1535
Jon_Gruden_,146.852,1378
Jon_Voight_,106.478,291
Jonathan_Edwards_,153.055,1482
Jonathan_Mostow_,112.45,416
Jong_Thae_Hwa_,129.355,934
Jong_Wook_Lee_,127.035,833
Jorge_Arce_,137.364,1158
Jorge_Batlle_,138.672,1199
Jorge_Castaneda_,104.063,237
Jorge_Rodolfo_Canicoba_Corral_,102.493,218
Jorge_Valdano_,110.767,379
Joschka_Fischer_,105.902,277
Jose_Canseco_,126.163,803
Jose_Dirceu_,135.599,1115
Jose_Manuel_Durao_Barroso_,100.887,195
Jose_Maria_Aznar_,139.087,1208
Jose_Mourinho_,135.715,1120
Jose_Sarney_,121.842,666
Jose_Serra_,148.918,1414
Jose_Theodore_,109.141,348
Jose_Viegas_Filho_,125.371,771
Joseph_Biden_,130.151,956
Joseph_Blatter_,127.477,853
Joseph_Deiss_,151.954,1461
Joseph_Estrada_,134.239,1072
Joseph_Ralston_,87.8997,62
Juan_Carlos_Ferrero_,153.277,1487
Juan_Ignacio_Chela_,155.91,1524
Juan_Manuel_Marquez_,115.404,495
Juan_Pablo_Montoya_,164.058,1608
Juan_Valencia_Osorio_,150.446,1435
Juanes_,129.218,927
Jude_Law_,104.999,258
Judi_Dench_,107.647,316
Judy_Genshaft_,136.892,1148
Juergen_Peters_,159.917,1573
Julia_Tymoshenko_,77.5004,16
Julianna_Margulies_,129.348,933
Julianne_Moore_,127.549,857
Julie_Gerberding_,141.447,1276
Julie_Taymor_,117.38,549
Julio_Iglesias_Jr_,71.4629,10
Junichiro_Koizumi_,99.6519,173
Justin_Gatlin_,174.661,1654
Justin_Guarini_,120.477,628
Justin_Leonard_,127.779,866
Justin_Timberlake_,99.3614,170
Justine_Henin_,108.852,337
Justine_Pasek_,120.509,629
Kalpana_Chawla_,123.138,697
Kamal_Kharrazi_,126.429,815
Karen_Mok_,126.592,818
Karin_Stoiber_,155.608,1521
Kate_Capshaw_,94.3888,105
Kate_Hudson_,114.959,482
Kate_Winslet_,109.01,343
Katherine_Harris_,152.856,1480
Kathleen_Glynn_,122.894,692
Kathleen_Kennedy_Townsend_,118.937,585
Kathryn_Bigelow_,94.6967,108
Kathy_Winters_,99.9784,176
Katie_Harman_,83.0339,38
Keanu_Reeves_,145.794,1364
Keira_Knightley_,115.331,493
Keith_Bogans_,179.275,1666
Kelli_White_,156.828,1538
Kelly_Clarkson_,118.761,581
Kelvin_Sampson_,153.55,1490
Kemal_Dervis_,104.039,236
Ken_Macha_,107.939,324
Ken_Watanabe_,119.291,595
Kenneth_Bowersox_,134.889,1094
Kenneth_Branagh_,85.7115,52
Kenneth_Evans_,114.692,470
Kent_Rominger_,129.112,919
Kevin_Costner_,134.071,1067
Kevin_Spacey_,112.899,425
Kevin_Stallings_,145.544,1356
Kieran_Prendergast_,124.884,761
Kifah_Ajouri_,165.758,1618
Kiki_Vandeweghe_,116.142,516
Kim_Clijsters_,134.55,1078
Kim_Dae-jung_,145.764,1363
Kim_Jin-sun_,136.582,1143
Kim_Jong-Il_,97.9232,154
Kim_Ryong-sung_,129.576,940
Kim_Yong-il_,105.515,271
Kimi_Raikkonen_,125.713,788
King_Abdullah_II_,95.9502,119
Kirk_Ferentz_,153.919,1496
Kirk_Johnson_,171.627,1646
Kjell_Magne_Bondevik_,132.574,1014
Klaus_Zwickel_,121.551,657
Kobe_Bryant_,194.361,1678
Kofi_Annan_,147.376,1391
Kosuke_Kitajima_,139.614,1220
Kristanna_Loken_,97.9495,155
Kristen_Breitweiser_,110.483,371
Kristin_Davis_,112.482,417
Kurt_Busch_,172.793,1648
Kurt_Russell_,117.195,541
Kurt_Warner_,120.542,631
Kwon_Yang-sook_,98.3159,159
LK_Advani_,117.872,569
Laila_Ali_,133.231,1043
Lana_Clarkson_,81.3497,32
Lance_Armstrong_,139.403,1215
Lance_Bass_,120.271,623
Larry_Bowa_,150.057,1430
Larry_Brown_,149.309,1420
Larry_Coker_,129.409,935
Larry_Ellison_,144.881,1345
Larry_Johnson_,134.604,1080
Larry_Lindsey_,127.573,860
Larry_Lucchino_,137.125,1153
Larry_Thompson_,152.217,1465
Lars_Von_Trier_,91.499,85
Latrell_Sprewell_,157.787,1551
Laura_Bush_,109.337,353
Laura_Hernandez_,138.213,1184
Laura_Linney_,96.4578,133
Lauren_Hutton_,112.669,420
Lauren_Killian_,127.81,867
Laurent_Gbagbo_,153.135,1483
Laurent_Jalabert_,167.742,1631
Lawrence_MacAulay_,152.444,1469
LeAnn_Rimes_,107.336,306
LeBron_James_,180.587,1669
Lea_Fastow_,127.776,863
Leander_Paes_,164.398,1610
Lech_Walesa_,85.6653,51
Lee_Hoi-chang_,100.359,182
Lee_Jun_,88.858,70
Lee_Soo-hyuck_,138.595,1196
Lee_Tae-sik_,114.541,465
Leland_Chapman_,169.174,1641
Len_Jenoff_,148.822,1411
Lennox_Lewis_,139.076,1207
Lenny_Wilkens_,129.886,953
Leon_LaPorte_,107.705,319
Leonard_Hamilton_,149.497,1424
Leonardo_DiCaprio_,122.225,672
Leonid_Kuchma_,114.931,481
Lesley_McCulloch_,125.156,767
Leslie_Ann_Woodward_,90.9651,79
Leslie_Caldwell_,133.008,1037
Leslie_Moonves_,96.2461,125
Leszek_Miller_,96.0048,120
Li_Peng_,110.663,375
Li_Zhaoxing_,125.503,777
Liam_Neeson_,134.691,1085
Lili_Taylor_,108.443,332
Lily_Tomlin_,127.775,862
Lim_Dong-won_,114.418,461
Lina_Krasnoroutskaya_,170.403,1643
Lindsay_Benko_,96.0986,122
Lindsay_Davenport_,155.116,1513
Lindsey_Graham_,108.188,329
Lino_Oviedo_,133.828,1058
Lionel_Richie_,158.417,1557
Lisa_Gottsegen_,110.633,374
Lisa_Ling_,146.932,1382
Lisa_Marie_Presley_,116.427,522
Lisa_Raymond_,141.13,1266
Liu_Mingkang_,118.224,572
Liza_Minnelli_,124.305,738
Lleyton_Hewitt_,159.685,1572
Lloyd_Ward_,134.278,1073
Lon_Kruger_,153.201,1484
Lord_Hutton_,94.1248,102
Lou_Piniella_,152.767,1478
Luciano_Pavarotti_,128.576,901
Lucio_Gutierrez_,153.689,1493
Lucy_Liu_,117.3,547
Ludivine_Sagnier_,113.886,451
Luis_Ernesto_Derbez_Bautista_,102.82,220
Luis_Figo_,145.553,1357
Luis_Gonzalez_Macchi_,134.874,1093
Luis_Horna_,124.848,758
Luiz_Felipe_Scolari_,148.422,1407
Luiz_Inacio_Lula_da_Silva_,135.971,1128
Luke_Walton_,147.021,1384
Lyle_Vanclief_,101.234,202
Lynn_Abraham_,112.277,410
Lynn_Redgrave_,76.2119,15
Lynne_Cheney_,133.706,1056
Mack_Brown_,100.153,180
Madeleine_Albright_,107.403,307
Madonna_,102.482,217
Magdalena_Maleeva_,147.942,1400
Maggie_Smith_,139.164,1210
Magui_Serna_,136.382,1138
Mahathir_Mohamad_,127.438,851
Mahmoud_Abbas_,105.428,270
Makhdoom_Amin_Fahim_,155.148,1514
Manfred_Stolpe_,137.981,1177
Manuel_Poggiali_,141.708,1282
Marat_Safin_,154.777,1510
Marc-Andre_Fleury_,115.33,492
Marc_Grossman_,99.847,174
Marcelo_Ebrard_,113.157,435
Marcelo_Rios_,148.985,1416
Marcelo_Salas_,140.004,1230
Marco_Antonio_Barrera_,115.569,500
Marcus_Gronholm_,133.537,1054
Margaret_Thatcher_,55.8561,1
Maria_Luisa_Mendonca_,104.96,255
Maria_Shriver_,106.259,286
Maria_Soledad_Alvear_Valenzuela_,130.746,972
Mariah_Carey_,116.012,514
Mariana_Pollack_,88.936,72
Mariangel_Ruiz_Torrealba_,100.611,189
Marie-Reine_Le_Gougne_,119.376,598
Marieta_Chrousala_,155.922,1525
Marilyn_Monroe_,116.164,517
Marina_Anissina_,128.493,899
Mario_Cipollini_,156.183,1533
Mario_Dumont_,103.917,234
Mario_Kreutzberger_,137.946,1176
Marisa_Tomei_,117.615,559
Marissa_Jaret_Winokur_,106.398,289
Mark_Cuban_,129.084,917
Mark_Dacey_,111.823,402
Mark_Geragos_,115.338,494
Mark_Gottfried_,110.902,384
Mark_Hamister_,128.105,880
Mark_Heller_,124.74,755
Mark_Hurlbert_,122.71,684
Mark_Philippoussis_,139.759,1222
Mark_Richt_,154.808,1511
Mark_Schweiker_,143.151,1315
Mark_Wahlberg_,117.864,568
Mark_Warner_,132.9,1032
Markus_Naslund_,130.497,965
Marlene_Weingartner_,139.853,1223
Martha_Beatriz_Roque_,167.648,1629
Martha_Bowen_,137.572,1169
Martha_Burk_,141.159,1269
Martha_Lucia_Ramirez_,134.64,1082
Martha_Stewart_,78.3882,20
Martin_Brodeur_,87.3916,59
Martin_Cauchon_,140.742,1258
Martin_Hoellwarth_,125.387,773
Martin_McCauley_,117.844,567
Martin_McGuinness_,139.698,1221
Martin_Scorsese_,125.395,774
Martin_Sheen_,85.294,48
Martin_Verkerk_,153.206,1485
Martina_Hingis_,153.533,1489
Martina_McBride_,140.127,1234
Marty_Mornhinweg_,97.6955,148
Marwan_Barghouthi_,164.438,1611
Mary-Kate_Olsen_,127.819,868
Mary_Carey_,128.189,884
Mary_Landrieu_,106.594,292
Mary_Steenburgen_,119.427,601
Mary_Tyler_Moore_,142.748,1304
Masahiko_Nagasawa_,127.825,869
Masum_Turker_,120.035,615
Mathias_Reichhold_,117.268,545
Matt_Damon_,85.8943,54
Matt_Dillon_,140.851,1260
Matt_Doherty_,147.009,1383
Matthew_Broderick_,157.142,1543
Matthew_Perry_,114.808,478
Maureen_Fanning_,107.673,317
Max_Mayfield_,142.241,1293
Megan_Mullally_,138.117,1179
Megawati_Sukarnoputri_,127.778,865
Meghann_Shaughnessy_,157.14,1542
Mel_Brooks_,104.067,238
Mel_Gibson_,104.273,242
Melanie_Griffith_,151.88,1459
Melissa_Etheridge_,100.175,181
Meryl_Streep_,88.5718,66
Mesut_Yilmaz_,162.974,1599
Mian_Khursheed_Mehmood_Kasuri_,171.074,1645
Michael_Ballack_,132.935,1034
Michael_Bloomberg_,88.9082,71
Michael_Caine_,100.382,183
Michael_Capellas_,125.73,790
Michael_Chang_,122.402,677
Michael_Chiklis_,120.191,622
Michael_Douglas_,104.676,249
Michael_J_Sheehan_,101.616,207
Michael_Jackson_,114.667,468
Michael_Jordan_,154.652,1507
Michael_Keaton_,158.776,1560
Michael_Kostelnik_,95.2557,112
Michael_Leavitt_,138.809,1201
Michael_Moore_,149.213,1417
Michael_Patrick_King_,117.399,550
Michael_Phelps_,116.494,525
Michael_Powell_,124.278,736
Michael_Schumacher_,147.16,1386
Michael_Sullivan_,101.215,201
Michael_Winterbottom_,121.486,654
Michel_Duclos_,122.751,686
Michel_Temer_,119.627,607
Michel_Therrien_,121.174,648
Michelle_Branch_,109.249,350
Michelle_Collins_,154.098,1500
Michelle_Kwan_,134.819,1090
Michelle_Pfeiffer_,131.114,986
Michelle_Rodriguez_,135.192,1100
Michelle_Yeoh_,96.7295,135
Mick_Jagger_,133.303,1045
Miguel_Contreras_,140.483,1245
Miguel_Estrada_,128.241,889
Mike_Babcock_,132.354,1009
Mike_Brey_,104.864,253
Mike_Helton_,93.6288,96
Mike_Holmgren_,100.665,192
Mike_Krzyzewski_,140.631,1252
Mike_Martz_,117.417,551
Mike_Miller_,163.706,1604
Mike_Montgomery_,115.499,497
Mike_Myers_,153.832,1495
Mike_Price_,140.735,1256
Mike_Scioscia_,138.486,1193
Mike_Tyson_,142.941,1308
Mike_Weir_,137.919,1174
Mikhail_Gorbachev_,131.058,984
Mikhail_Kasyanov_,90.9737,80
Mikhail_Wehbe_,119.217,592
Mikhail_Youzhny_,132.212,1006
Mikulas_Dzurinda_,134.589,1079
Milo_Djukanovic_,89.6351,73
Milo_Maestrecampo_,161.708,1591
Minnie_Driver_,113.15,434
Mireya_Moscoso_,145.927,1367
Miroljub_,143.896,1327
Mitchell_Daniels_,112.906,426
Mitoji_Yabunaka_,121.046,646
Miyako_Miyazaki_,134.818,1089
Mohamed_Benaissa_,131.862,1000
Mohamed_ElBaradei_,151.097,1450
Mohammad_Khatami_,144.871,1344
Mohammed_Al-Douri_,153.559,1491
Mohammed_Baqir_al-Hakim_,101.723,208
Monica_Bellucci_,100.891,196
Monica_Lewinsky_,87.1078,56
Monica_Seles_,141.37,1273
Monique_Garbrecht-Enfeldt_,142.347,1295
Morgan_Freeman_,156.71,1537
Moshe_Katsav_,152.154,1464
Muammar_Gaddafi_,170.491,1644
Muhammad_Ali_,127.15,837
Muhammad_Saeed_al-Sahhaf_,133.216,1042
Mukesh_Ambani_,109.483,358
Munir_Akram_,138.23,1186
Nabil_Shaath_,93.0789,91
Nadia_Petrova_,171.864,1647
Nadine_Vinzens_,128.103,879
Naji_Sabri_,78.6644,21
Nan_Wang_,108.523,333
Nancy_Demme_,111.528,390
Nancy_Pelosi_,134.936,1095
Nancy_Reagan_,107.916,322
Nancy_Sinatra_,115.471,496
Nanni_Moretti_,155.863,1523
Naomi_Campbell_,131,980
Naomi_Watts_,106.859,299
Naoto_Kan_,130.766,973
Nasser_al-Kidwa_,150.274,1433
Nastassia_Kinski_,111.035,385
Natalie_Cole_,128.27,890
Natalie_Coughlin_,162.465,1596
Natalie_Maines_,133.384,1051
Natasha_McElhone_,97.6991,150
Nathalie_Baye_,106.784,297
Nathan_Lane_,119.286,594
Nebojsa_Pavkovic_,114.861,480
Nelson_Mandela_,160.897,1583
Neri_Marcore_,99.5184,172
Nestor_Kirchner_,124.294,737
Nia_Vardalos_,127.355,848
Nicanor_Duarte_Frutos_,122.803,687
Nicholas_Byron_,143.305,1317
Nicholas_Tse_,140.7,1253
Nick_Nolte_,150.772,1442
Nicolas_Cage_,133.315,1046
Nicolas_Escude_,150.985,1449
Nicolas_Lapentti_,155.999,1528
Nicole_Kidman_,109.919,362
Nikki_Reed_,105.098,265
Noah_Wyle_,115.929,511
Noelle_Bush_,148.145,1402
Nora_Bendijo_,108.258,330
Norah_Jones_,178.749,1665
Norm_Coleman_,114.751,474
Norman_Jewison_,128.852,909
Norodom_Sihanouk_,161.228,1587
Nursultan_Nazarbayev_,122.828,691
OJ_Simpson_,137.276,1156
Oleksandr_Moroz_,92.4745,88
Olesya_Bonabarenko_,97.2262,142
Olivia_Newton-John_,115.21,487
Omar_Sharif_,132.504,1012
Oprah_Winfrey_,140.04,1231
Orlando_Bloom_,126.783,823
Orrin_Hatch_,131.027,982
Osama_bin_Laden_,143.106,1313
Oscar_De_La_Hoya_,118.659,580
Oscar_Elias_Biscet_,154.75,1508
Oswaldo_Paya_,159.994,1575
Owen_Wilson_,161.305,1589
Oxana_Fedorova_,125.688,787
Ozzy_Osbourne_,123.953,724
Padraig_Harrington_,138.872,1205
Pamela_Anderson_,136.328,1136
Paradorn_Srichaphan_,131.016,981
Paris_Hilton_,128.914,911
Parris_Glendening_,138.576,1195
Pascal_Lamy_,127.179,840
Pascal_Quignard_,103.688,231
Pat_Burns_,144.379,1339
Pat_Cox_,157.502,1545
Patrice_Chereau_,112.774,423
Patricia_Clarkson_,103.321,225
Patricia_Heaton_,124.168,732
Patrick_Ewing_,182.769,1674
Patrick_Leahy_,145.272,1349
Patrick_McEnroe_,139.869,1225
Patrick_Roy_,126.214,809
Patrick_Stewart_,134.666,1083
Patti_Labelle_,135.926,1126
Patty_Schnyder_,152.598,1474
Paul-Henri_Mathieu_,139.882,1226
Paul_Bremer_,159.308,1566
Paul_Burrell_,111.571,391
Paul_Byrd_,134.528,1077
Paul_Coppin_,126.376,812
Paul_Gascoigne_,91.3082,83
Paul_Hogan_,152.412,1468
Paul_Kagame_,143.738,1324
Paul_Martin_,132.924,1033
Paul_McCartney_,107.818,320
Paul_McNulty_,88.2681,64
Paul_ONeill_,124.835,757
Paul_Patton_,107.438,310
Paul_Pierce_,150.579,1438
Paul_Sarbanes_,120.368,626
Paul_Shanley_,142.954,1309
Paul_Tagliabue_,111.133,387
Paul_Wellstone_,120.141,619
Paul_William_Hurley_,134.175,1069
Paul_Wolfowitz_,134.021,1063
Paula_Radcliffe_,107.542,312
Paula_Zahn_,126.206,807
Paulo_Cesar_Pinheiro_,163.121,1600
Pedro_Almodovar_,113.723,450
Pedro_Malan_,137.557,1168
Pedro_Solbes_,122.533,678
Penelope_Ann_Miller_,136.154,1134
Penelope_Cruz_,104.771,251
Pervez_Musharraf_,101.282,204
Pete_Carroll_,132.002,1004
Pete_Rose_,106.761,296
Pete_Sampras_,154.043,1499
Peter_Arnett_,147.367,1389
Peter_Bacanovic_,106.098,280
Peter_Costello_,95.3073,113
Peter_Greenaway_,126.648,820
Peter_Harrison_,148.394,1406
Peter_Hillary_,121.646,663
Peter_Struck_,95.5971,118
Petria_Thomas_,132.89,1031
Petro_Symonenko_,131.646,994
Phan_Van_Khai_,141.386,1274
Phil_Gramm_,106.066,279
Phil_Mickelson_,159.349,1567
Phil_Vassar_,150.62,1439
Philippe_Noiret_,138.125,1180
Pierce_Brosnan_,130.401,963
Pierre_Boulanger_,118.793,582
Pierre_Pettigrew_,110.125,366
Placido_Domingo_,136.146,1133
Prince_Charles_,82.1902,35
Prince_Claus_,85.5845,50
Prince_Edward_,142.576,1300
Prince_Harry_,101.932,211
Prince_Naruhito_,109.027,344
Prince_Willem-Alexander_,146.609,1375
Prince_William_,149.466,1422
Princess_Aiko_,90.2243,77
Princess_Anne_,112.912,427
Princess_Caroline_,155.933,1526
Princess_Elisabeth_,103.366,226
Princess_Masako_,140.603,1251
Priscilla_Owen_,125.716,789
Priscilla_Presley_,118.518,575
Pupi_Avati_,71.1495,9
Queen_Beatrix_,79.1388,25
Queen_Elizabeth_II_,130.84,976
Queen_Latifah_,101.17,199
Queen_Rania_,97.1181,141
Rachel_Griffiths_,127.733,861
Rachel_Hunter_,127.911,871
Rafael_Ramirez_,114.116,456
Raghad_Saddam_Hussein_,120.15,621
Rainer_Schuettler_,129.833,949
Ralf_Schumacher_,123.556,711
Ralph_Firman_,116.287,520
Ralph_Klein_,105.757,274
Ralph_Lauren_,113.666,446
Ranil_Wickremasinghe_,181.4,1672
Raoul_Ruiz_,97.4227,144
Raquel_Welch_,108.318,331
Ray_Allen_,158.993,1563
Ray_Nagin_,114.794,477
Ray_Romano_,132.503,1011
Raymond_Odierno_,125.966,795
Rebecca_Romijn-Stamos_,69.8371,7
Rebekah_Chantay_Revels_,98.1399,156
Recep_Tayyip_Erdogan_,121.558,659
Reese_Witherspoon_,71.8443,11
Reggie_Miller_,144.178,1334
Renee_Zellweger_,80.7433,29
Ricardo_Lagos_,106.458,290
Ricardo_Lopez_Murphy_,119.084,588
Ricardo_Maduro_,174.928,1657
Ricardo_Monasterio_,124.313,739
Ricardo_Sanchez_,158.554,1558
Rich_Gannon_,130.636,969
Richard_Armitage_,83.9653,43
Richard_Branson_,90.4054,78
Richard_Butler_,135.535,1113
Richard_Crenna_,104.091,239
Richard_Gephardt_,114.463,463
Richard_Gere_,122.562,679
Richard_Haass_,134.668,1084
Richard_Krajicek_,159.557,1570
Richard_Myers_,108.131,328
Richard_Norton-Taylor_,131.314,990
Richard_Sambrook_,135.877,1122
Richard_Shelby_,117.651,560
Richard_Virenque_,133.771,1057
Richie_Adubato_,125.955,793
Rick_Barnes_,115.576,502
Rick_Carlisle_,112.684,421
Rick_Dinse_,138.419,1191
Rick_Perry_,104.387,245
Rick_Pitino_,120.463,627
Rick_Romley_,97.0108,140
Rick_Santorum_,138.617,1197
Rick_Stansbury_,109.088,347
Rick_Wagoner_,110.629,373
Ricky_Barnes_,123.25,700
Ricky_Martin_,137.735,1171
Ricky_Ponting_,167.149,1627
Rio_Ferdinand_,148.866,1413
Rita_Grande_,141.143,1267
Rita_Moreno_,115.716,504
Rita_Wilson_,127.178,839
Rob_Lowe_,137.501,1164
Rob_Marshall_,116.935,535
Rob_Schneider_,140.742,1257
Robbie_Fowler_,135.424,1106
Robbie_Williams_,106.962,303
Robby_Ginepri_,120.976,644
Robert_Blackwill_,125.578,781
Robert_Blake_,96.0907,121
Robert_Bonner_,127.259,843
Robert_Bullock_,112.258,408
Robert_DeFraites_,125.586,783
Robert_De_Niro_,106.898,300
Robert_Duvall_,104.915,254
Robert_Ehrlich_,96.7732,136
Robert_Evans_,127.557,859
Robert_Fico_,111.787,399
Robert_Horan_,117.797,565
Robert_Kocharian_,125.97,796
Robert_Mueller_,93.4053,93
Robert_Mugabe_,163.512,1602
Robert_Redford_,133.363,1048
Robert_Stack_,116.933,534
Robert_Torricelli_,156.831,1539
Robert_Witt_,119.678,608
Robert_Zoellick_,129.725,943
Roberto_Benigni_,120.14,618
Roberto_Carlos_,159.962,1574
Roberto_Marinho_,102.467,216
Robin_Cook_,135.693,1118
Robin_McLaurin_Williams_,137.892,1172
Robinson_Stevenin_,113.964,452
Rod_Blagojevich_,109.066,345
Rod_Stewart_,110.692,376
Rodrigo_Borja_,132.575,1015
Roger_Clemens_,155.197,1515
Roger_Federer_,140.582,1250
Roger_Moore_,111.99,403
Rogerio_Romero_,136.399,1139
Roh_Moo-hyun_,83.2921,41
Rolandas_Paksas_,89.9291,75
Rolf_Eckrodt_,121.584,660
Roman_Polanski_,80.2397,26
Romano_Prodi_,143.51,1320
Ron_Dittemore_,132.74,1026
Ron_Howard_,123.46,708
Ronald_Reagan_,128.323,892
Ronaldo_Luis_Nazario_de_Lima_,109.506,359
Roseanne_Barr_,149.698,1425
Rosemarie_Stack_,131.665,996
Roy_Jones_Jr_,157.731,1550
Roy_Moore_,141.831,1285
Roy_Williams_,150.167,1431
Ruben_Studdard_,164.154,1609
Rubens_Barrichello_,152.554,1472
Rudolph_Giuliani_,124.128,731
Rupert_Grint_,72.4386,12
Rupert_Murdoch_,107.494,311
Russell_Coutts_,150.032,1429
Russell_Crowe_,97.7809,152
Russell_Simmons_,159.276,1565
Ruth_Dreifuss_,124.467,745
Ruth_Harlow_,140.355,1243
S_Jayakumar_,167.09,1626
Saburo_Kawabuchi_,119.257,593
Sachiko_Yamada_,128.358,894
Saddam_Hussein_,124.663,752
Sadie_Frost_,104.739,250
Saeb_Erekat_,129.129,920
Sally_Field_,113.392,439
Sally_Kirkland_,134.467,1074
Sally_Ride_,146.556,1373
Salma_Hayek_,128.828,907
Salman_Rushdie_,128.035,878
Sam_Bith_,122.602,682
Sam_Mendes_,139.033,1206
Sam_Torrance_,166.862,1623
Samira_Makhmalbaf_,127.496,855
Sammy_Sosa_,164.978,1615
Samuel_Waksal_,150.015,1428
Sandra_Bullock_,84.3021,44
Saparmurat_Niyazov_,122.99,694
Sarah_Hughes_,141.53,1278
Sarah_Jessica_Parker_,108.838,336
Sarah_Michelle_Gellar_,107.646,315
Scott_McClellan_,134.232,1071
Scott_McNealy_,130.182,958
Scott_Peterson_,147.72,1393
Scott_Ritter_,129.176,925
Scott_Rudin_,121.639,662
Scott_Sullivan_,83.1669,40
Scott_Wolf_,92.1074,87
Sean_Astin_,127.262,844
Sean_Hayes_,115.124,484
Sean_OKeefe_,138.238,1187
Sean_Patrick_OMalley_,125.975,797
Sean_Penn_,121.539,656
Sebastian_Saja_,129.835,950
Sebastien_Grosjean_,141.953,1288
Sepp_Blatter_,150.91,1446
Serena_Williams_,145.203,1348
Sergei_Ivanov_,114.79,475
Sergey_Lavrov_,135.779,1121
Sergio_Garcia_,133.29,1044
Sergio_Vieira_De_Mello_,118.996,587
Shane_Mosley_,181.572,1673
Shane_Warne_,104.976,256
Shannon_OBrien_,116.971,537
Sharon_Davis_,124.525,748
Sharon_Frey_,120.939,643
Sharon_Osbourne_,132.279,1007
Sharon_Stone_,162.383,1595
Shaukat_Aziz_,141.598,1280
Shaul_Mofaz_,125.155,766
Sheila_Copps_,99.0269,164
Sheila_Fraser_,98.5887,162
Sheila_Wellstone_,145.913,1366
Sheryl_Crow_,105.546,272
Shia_LaBeouf_,97.6973,149
Shimon_Peres_,131.668,997
Sila_Calderon_,103.893,233
Silvan_Shalom_,114.004,454
Silvia_Farina_Elia_,153.671,1492
Silvio_Berlusconi_,141.421,1275
Silvio_Fernandez_,181.23,1671
Simon_Cowell_,105.051,261
Slobodan_Milosevic_,106.342,288
Sonia_Gandhi_,135.655,1116
Sophia_Loren_,60.8684,2
Sourav_Ganguly_,166.868,1624
Spencer_Abraham_,114.718,471
Stacy_Dragila_,121.336,652
Stan_Heath_,168.506,1633
Stanley_McChrystal_,115.55,499
Stanley_Tong_,105.863,276
Stefano_Accorsi_,126.593,819
Steffi_Graf_,141.765,1284
Stellan_Skarsgard_,105.806,275
Stephen_Ambrose_,125.379,772
Stephen_Daldry_,128.217,887
Stephen_Friedman_,114.376,460
Steve_Backley_,145.459,1355
Steve_Ballmer_,135.029,1097
Steve_Lavin_,125.027,763
Steve_Mariucci_,121.774,665
Steve_Nash_,135.519,1110
Steve_Park_,130.626,968
Steve_Spurrier_,151.263,1454
Steve_Waugh_,77.9953,18
Steven_Hatfill_,94.2422,103
Steven_Seagal_,92.9235,89
Steven_Spielberg_,96.9625,139
Stockard_Channing_,142.038,1290
Strom_Thurmond_,108.915,339
Sue_Wicks_,129.347,932
Surakait_Sathirathai_,111.783,398
Susan_Collins_,140.526,1247
Susan_Sarandon_,113.044,429
Susie_Castillo_,150.849,1443
Susilo_Bambang_Yudhoyono_,155.378,1519
Suzanne_Gaudet_,107.633,314
Svetlana_Koroleva_,99.0923,165
Sylvester_Stallone_,121.488,655
Taha_Yassin_Ramadan_,146.35,1371
Takashi_Sorimachi_,129.141,922
Tamara_Brooks_,119.543,605
Tammy_Lynn_Michaels_,116.073,515
Tang_Jiaxuan_,115.549,498
Tariq_Aziz_,147.104,1385
Tassos_Papadopoulos_,137.532,1166
Taufik_Hidayat_,124.012,726
Ted_Maher_,123.452,707
Terje_Roed-Larsen_,138.221,1185
Terrell_Suggs_,180.444,1668
Terry_McAuliffe_,131.704,998
Terry_Stotts_,126.189,805
Thabo_Mbeki_,159.456,1568
Thaksin_Shinawatra_,65.1707,5
Theo_Epstein_,159.051,1564
Theodore_Tweed_Roosevelt_,115.024,483
Theresa_May_,139.571,1217
Thierry_Falise_,106.601,294
Thomas_Birmingham_,135.588,1114
Thomas_Bjorn_,127.299,846
Thomas_Fargo_,96.3083,129
Thomas_Malchow_,146.858,1379
Thomas_OBrien_,75.774,14
Thomas_Rupprath_,136.699,1145
Thomas_Wyman_,126.968,830
Tiger_Woods_,156.126,1532
Tim_Allen_,85.4533,49
Tim_Chapman_,132.435,1010
Tim_Conway_,126.086,801
Tim_Curry_,116.912,532
Tim_Duncan_,156.269,1534
Tim_Floyd_,119.764,612
Tim_Henman_,144.802,1343
Tim_Robbins_,92.9651,90
Tippi_Hedren_,106.254,285
Todd_Haynes_,143.32,1318
Tom_Brady_,124.366,742
Tom_Coverdale_,148.362,1405
Tom_Craddick_,119.364,597
Tom_Crean_,137.68,1170
Tom_Cruise_,128.729,903
Tom_Daschle_,111.584,392
Tom_Glavine_,101.815,210
Tom_Hanks_,140.099,1233
Tom_Harkin_,161.114,1586
Tom_Jones_,144.528,1340
Tom_Reilly_,147.369,1390
Tom_Ridge_,101.301,205
Tom_Watson_,118.81,583
Tommy_Franks_,129.214,926
Tommy_Haas_,116.659,528
Tommy_Robredo_,126.35,811
Tommy_Thompson_,137.459,1163
Tomoko_Hagiwara_,133.139,1041
Toni_Braxton_,148.451,1408
Tony_Bennett_,124.777,756
Tony_Blair_,147.894,1397
Tony_Curtis_,112.516,418
Tony_Parker_,177.744,1661
Tony_Shalhoub_,140.184,1237
Tony_Stewart_,112.722,422
Torri_Edwards_,150.24,1432
Toshihiko_Fukui_,126.437,816
Tracee_Ellis_Ross_,128.735,904
Tracy_McGrady_,157.539,1546
Trent_Lott_,141.55,1279
Tsutomu_Takebe_,120.74,637
Tubby_Smith_,157.892,1553
Tung_Chee-hwa_,168.426,1632
Tyler_Hamilton_,162.516,1597
Tyra_Banks_,174.692,1655
Tyron_Garner_,154.771,1509
Uma_Thurman_,131.882,1001
Vaclav_Havel_,99.2051,167
Vaclav_Klaus_,113.362,437
Valdas_Adamkus_,121.745,664
Valentino_Rossi_,165.025,1616
Valerie_Harper_,116.215,518
Valery_Giscard_dEstaing_,126.716,821
Vanessa_Incontrada_,93.8836,100
Vanessa_Redgrave_,95.3279,114
Vanessa_Williams_,105.239,268
Venus_Williams_,164.621,1612
Vicente_Fernandez_,137.379,1159
Vicente_Fox_,88.5589,65
Vicki_Zhao_Wei_,110.771,380
Victoria_Beckham_,114.211,457
Victoria_Clarke_,135.41,1104
Vidar_Helgesen_,121.625,661
Vin_Diesel_,145.368,1352
Vince_Carter_,114.685,469
Vince_Gill_,109.312,352
Vincent_Brooks_,165.802,1619
Vincent_Gallo_,118.84,584
Vitali_Klitschko_,101.17,200
Vivica_Fox_,151.329,1456
Vladimir_Putin_,140.509,1246
Vladimir_Spidla_,126.438,817
Vladimir_Voltchkov_,153.937,1497
Vladimiro_Montesinos_,122.804,689
Vojislav_Kostunica_,161.243,1588
Walter_Mondale_,145.274,1350
Wang_Yi_,140.404,1244
Wang_Yingfan_,91.2787,82
Warren_Beatty_,132.657,1018
Warren_Buffett_,130.5,966
Wayne_Ferreira_,142.844,1305
Wayne_Gretzky_,122.58,680
Wen_Jiabao_,95.5328,117
Wesley_Clark_,117.703,562
Will_Smith_,136.979,1151
William_Bratton_,123.948,723
William_Bulger_,123.019,695
William_Burns_,99.998,178
William_Donaldson_,95.0924,111
William_Ford_Jr_,117.49,556
William_Hochul_,112.283,411
William_Macy_,129.285,929
William_Martin_,109.07,346
William_Rehnquist_,129.687,941
Win_Aung_,119.874,613
Winona_Ryder_,113.616,443
Wolfgang_Schuessel_,107.96,325
Woody_Allen_,127.048,834
Wu_Yi_,91.1641,81
Xanana_Gusmao_,126.931,827
Xavier_Malisse_,137.935,1175
Yann_Martel_,103.459,228
Yao_Ming_,147.899,1398
Yasar_Yakis_,161.422,1590
Yashwant_Sinha_,138.659,1198
Yasser_Arafat_,102.34,214
Yevgeny_Kafelnikov_,153.262,1486
Yoko_Ono_,140.786,1259
Yoriko_Kawaguchi_,94.6344,106
Yossi_Beilin_,158.339,1556
Yu_Shyi-kun_,124.359,741
Yukiko_Okudo_,99.3198,169
Yuri_Fedotov_,133.366,1049
Yuri_Malenchenko_,133.593,1055
Zafarullah_Khan_Jamali_,107.615,313
Zarai_Toledo_,127.881,870
Zhang_Wenkang_,126.192,806
Zhang_Ziyi_,100.771,193
Zhu_Rongji_,78.3347,19
Zico_,117.736,564
Zinedine_Zidane_,134.024,1064
Zoran_Djindjic_,122.159,670
