Name,Scores,Fused Ranks
,,,
,,,
Aaron_Peirsol_,1653,245
Aaron_Sorkin_,669,10
Abdel_Nasser_Assidi_,3122,1280
Abdoulaye_Wade_,3860,1601
Abdullah_,1725,280
Abdullah_Gul_,3068,1243
Abdullah_al-Attiyah_,4314,1661
Abdullatif_Sener_,3004,1191
Abel_Pacheco_,3406,1422
Abid_Hamid_Mahmud_Al-Tikriti_,2684,1000
Adam_Sandler_,2451,791
Adam_Scott_,1449,168
Adel_Al-Jubeir_,3555,1493
Adolfo_Aguilar_Zinser_,3059,1235
Adolfo_Rodriguez_Saa_,3382,1405
Adrian_McPherson_,3185,1308
Adrian_Nastase_,3016,1197
Adrien_Brody_,1456,170
Ahmad_Masood_,1578,205
Ahmed_Chalabi_,2032,484
Ahmet_Necdet_Sezer_,3344,1391
Ai_Sugiyama_,3223,1331
Aicha_El_Ouafi_,4515,1669
Aitor_Gonzalez_,3141,1288
Akbar_Hashemi_Rafsanjani_,2506,840
Akhmed_Zakayev_,1436,163
Al_Davis_,4035,1638
Al_Gore_,3663,1533
Al_Pacino_,2852,1102
Al_Sharpton_,3499,1471
Alan_Ball_,2143,567
Alan_Greenspan_,1750,293
Alan_Mulally_,2656,968
Alastair_Campbell_,2555,884
Albert_Costa_,3736,1557
Alberto_Fujimori_,2233,628
Alberto_Ruiz_Gallardon_,2025,481
Albrecht_Mentz_,3153,1296
Aldo_Paredes_,2078,516
Alec_Baldwin_,3102,1266
Alejandro_Atchugarry_,2176,589
Alejandro_Avila_,3154,1297
Alejandro_Toledo_,2528,857
Aleksander_Kwasniewski_,1456,171
Alex_Barros_,2011,468
Alex_Penelas_,2026,482
Alex_Sink_,2422,768
Alexander_Downer_,3186,1309
Alexander_Losyukov_,3030,1211
Alexander_Rumyantsev_,1835,349
Alexandra_Stevenson_,3091,1262
Alexandra_Vodjanikova_,3150,1294
Ali_Abbas_,2648,958
Ali_Khamenei_,2136,563
Ali_Naimi_,2535,865
Alice_Fisher_,1330,125
Alicia_Silverstone_,3319,1378
Alimzhan_Tokhtakhounov_,2676,993
Alison_Lohman_,634,9
Allen_Iverson_,2733,1038
Allison_Janney_,2314,688
Allyson_Felix_,3427,1434
Alvaro_Noboa_,2332,701
Alvaro_Silva_Calderon_,3913,1613
Alvaro_Uribe_,2761,1053
Amanda_Beard_,1072,52
Amanda_Bynes_,2717,1028
Amanda_Coetzer_,1848,364
Amber_Tamblyn_,2482,817
Amelia_Vega_,1873,384
Amelie_Mauresmo_,3914,1614
Amer_al-Saadi_,2039,490
Amram_Mitzna_,2504,839
Ana_Guevara_,3385,1407
Ana_Palacio_,1909,407
Anastasia_Myskina_,2841,1098
Anders_Ebbeson_,2820,1090
Anders_Fogh_Rasmussen_,2231,625
Andre_Agassi_,2243,631
Andrei_Mikhnevich_,3303,1373
Andrew_Bunner_,1819,336
Andrew_Cuomo_,3261,1349
Andrew_Niccol_,3491,1464
Andrew_Weissmann_,2781,1068
Andy_Hebb_,2019,475
Andy_Roddick_,1933,422
Angela_Bassett_,3245,1342
Angela_Lansbury_,2188,598
Angela_Merkel_,1515,186
Angelina_Jolie_,1665,247
Angelo_Reyes_,3433,1435
Anibal_Ibarra_,1832,345
Ann_Veneman_,1925,418
Anna_Kournikova_,2469,804
Anna_Nicole_Smith_,2054,499
Anne_Krueger_,758,16
Anne_McLellan_,1324,123
Anneli_Jaatteenmaki_,2901,1135
Annette_Bening_,1843,359
Annette_Lu_,1629,230
Anthony_Fauci_,2325,696
Anthony_Hopkins_,1835,350
Anthony_LaPaglia_,1836,353
Antonio_Banderas_,3524,1478
Antonio_Palocci_,2696,1009
Antonio_Trillanes_,3857,1600
Antony_Leung_,2469,805
Anwar_Ibrahim_,1132,63
Arantxa_Sanchez-Vicario_,2307,684
Ari_Fleischer_,3018,1199
Arianna_Huffington_,1717,276
Ariel_Sharon_,3187,1310
Arlen_Specter_,2128,559
Arminio_Fraga_,2651,961
Arnaud_Clement_,1867,379
Arnold_Palmer_,2653,964
Arnold_Schwarzenegger_,3820,1584
Arnoldo_Aleman_,2148,570
Aron_Ralston_,2975,1171
Arsinee_Khanjian_,3636,1526
Art_Hoffmann_,3146,1289
Art_Howe_,1921,416
Arturo_Gatti_,3532,1483
Arye_Mekel_,3192,1315
Asa_Hutchinson_,1531,191
Ashanti_,2668,984
Ashton_Kutcher_,2985,1178
Atal_Bihari_Vajpayee_,4564,1671
Augustin_Calleri_,2292,671
Augusto_Pinochet_,3389,1410
Augusto_Roa_Bastos_,3080,1251
Aung_San_Suu_Kyi_,915,31
Azra_Akin_,1159,74
Barbara_Brezigar_,962,36
Barbara_Walters_,1756,297
Barbra_Streisand_,3679,1541
Barrett_Jackman_,2253,636
Barry_Alvarez_,2326,698
Barry_Zito_,3417,1427
Bashar_Assad_,492,5
Begum_Khaleda_Zia_,3723,1554
Ben_Affleck_,2048,493
Ben_Curtis_,4166,1648
Ben_Glisan_,2053,497
Ben_Howland_,2495,831
Benazir_Bhutto_,3705,1549
Benjamin_Netanyahu_,3700,1547
Bernard_Landry_,3650,1529
Bernard_Law_,3809,1580
Bernard_Lord_,1173,77
Bernardo_Segura_,2994,1184
Bertie_Ahern_,3105,1268
Bertrand_Bonello_,1147,69
Beth_Jones_,3801,1577
Betsy_Smith_,3492,1467
Bijan_Darvish_,3302,1371
Bijan_Namdar_Zangeneh_,3162,1300
Biljana_Plavsic_,2442,784
Bill_Belichick_,2068,511
Bill_Callahan_,1306,119
Bill_Clinton_,2656,969
Bill_Frist_,1424,158
Bill_Gates_,3255,1346
Bill_Graham_,2032,485
Bill_McBride_,4102,1644
Bill_Nelson_,571,6
Bill_Parcells_,1090,58
Bill_Paxton_,3915,1615
Bill_Simon_,1647,240
Bill_Sizemore_,2199,610
Billy_Crystal_,4015,1632
Billy_Graham_,2614,925
Billy_Sollie_,2241,630
Binyamin_Ben-Eliezer_,2675,992
Blythe_Danner_,2737,1041
Blythe_Hartley_,3751,1563
Bo_Pelini_,2658,974
Bo_Ryan_,1056,49
Bob_Beauprez_,4324,1663
Bob_Colvin_,1726,281
Bob_Dole_,2370,727
Bob_Geldof_,3565,1497
Bob_Graham_,2899,1133
Bob_Hope_,3473,1453
Bob_Huggins_,2690,1003
Bob_Stoops_,2999,1188
Bobby_Goldwater_,1935,424
Bobby_Robson_,1751,295
Bode_Miller_,2108,539
Bono_,1929,420
Boris_Becker_,3534,1484
Boris_Berezovsky_,2174,587
Boris_Yeltsin_,2645,955
Brad_Garrett_,3602,1512
Brad_Johnson_,2986,1179
Branko_Crvenkovski_,3670,1537
Brendan_Hansen_,3869,1603
Brian_Cowen_,3066,1239
Brian_Griese_,2751,1050
Brian_Heidik_,718,15
Brian_Mulroney_,1700,268
Brian_Wells_,1748,291
Bridget_Fonda_,1810,327
Bridgette_Wilson-Sampras_,2217,621
Brigitte_Boisselier_,2157,573
Britney_Spears_,2586,907
Brooke_Shields_,1679,253
Bruce_Springsteen_,1679,254
Bruce_Van_De_Velde_,3789,1575
Bruce_Weber_,1557,198
Bud_Selig_,2785,1071
Bulent_Ecevit_,3045,1223
Butch_Davis_,2134,561
Byron_Scott_,2202,613
Calista_Flockhart_,2373,729
Cameron_Diaz_,1817,333
Camilla_Parker_Bowles_,1408,150
Candice_Bergen_,2366,725
Candie_Kung_,1111,59
Carl_Reiner_,3448,1442
Carla_Del_Ponte_,2079,517
Carla_Myers_,1258,104
Carlo_Ancelotti_,2829,1095
Carlos_Bianchi_,3404,1419
Carlos_Ghosn_,1959,436
Carlos_Manuel_Pruneda_,2646,956
Carlos_Menem_,1863,376
Carlos_Mesa_,3373,1400
Carlos_Moya_,3268,1352
Carlos_Ortega_,3033,1213
Carlos_Quintanilla_Schmidt_,3672,1538
Carlos_Ruiz_,3922,1619
Carlos_Vives_,1694,263
Carly_Fiorina_,1639,233
Carmen_Electra_,3722,1553
Carol_Burnett_,3390,1411
Carol_Moseley_Braun_,2097,530
Carolina_Kluft_,1866,378
Carolina_Moraes_,2995,1185
Caroline_Kennedy_,1730,283
Carolyn_Dawn_Johnson_,2702,1015
Carrie-Anne_Moss_,2886,1121
Carson_Daly_,1834,346
Carson_Palmer_,1583,210
Cate_Blanchett_,2503,837
Catherine_Deneuve_,1806,322
Catherine_Zeta-Jones_,1989,456
Cathy_Freeman_,2445,788
Cecilia_Bolocco_,2742,1045
Celine_Dion_,2096,529
Celso_Amorim_,1979,450
Cesar_Gaviria_,2186,595
Cesar_Maia_,2802,1081
Chakib_Khelil_,1607,217
Chan_Gailey_,3052,1229
Chanda_Rubin_,3472,1452
Chang_Dae-whan_,1132,64
Charles_Bronson_,2618,929
Charles_Grassley_,2299,678
Charles_Kartman_,3006,1192
Charles_Mathews_,1686,257
Charles_Moose_,3866,1602
Charles_Schumer_,2465,800
Charles_Taylor_,2471,810
Charlie_Zaa_,2501,835
Charlotte_Rampling_,2361,724
Charlton_Heston_,3109,1271
Chen_Liang_Yu_,1838,356
Chen_Shui-bian_,3597,1510
Cherie_Blair_,699,14
Chick_Hearn_,1633,231
Chita_Rivera_,670,11
Choi_Sung-hong_,2896,1132
Chok_Tong_Goh_,2187,597
Chris_Bell_,1817,334
Chris_Byrd_,1952,434
Chris_Cooper_,1197,83
Chris_Rock_,2258,641
Chris_Tucker_,2186,596
Christian_Fittipaldi_,3559,1495
Christian_Longo_,3623,1519
Christian_Wulff_,2682,997
Christina_Aguilera_,2386,738
Christine_Baumgartner_,2725,1031
Christine_Ebersole_,1141,68
Christine_Gregoire_,933,33
Christine_Todd_Whitman_,1707,270
Christopher_Patten_,1863,377
Christopher_Reeve_,2814,1089
Christopher_Walken_,3650,1530
Chuck_Amato_,2134,562
Chuck_Yeager_,4249,1654
Chung_Mong-hun_,2306,683
Chung_Mong-joon_,1817,335
Cindy_Crawford_,3885,1608
Cindy_Margolis_,2146,569
Ciro_Gomes_,4469,1668
Claire_Danes_,2468,803
Claire_Hentzen_,4156,1647
Claire_Leger_,2737,1042
Clara_Harris_,4195,1652
Clare_Short_,2483,819
Claudia_Pechstein_,1461,173
Claudia_Schiffer_,2349,713
Clay_Aiken_,1507,184
Clint_Eastwood_,1690,261
Colin_Farrell_,1872,383
Colin_Jackson_,2972,1170
Colin_Montgomerie_,1964,441
Colin_Powell_,2098,532
Conan_OBrien_,2754,1052
Conchita_Martinez_,3074,1249
Condoleezza_Rice_,3333,1385
Constance_Marie_,3767,1569
Coretta_Scott_King_,1907,406
Corinne_Coman_,3018,1200
Costas_Simitis_,2916,1147
Courtney_Love_,2907,1141
Cristina_Fernandez_,3285,1364
Cristina_Saralegui_,1199,84
Cruz_Bustamante_,980,38
Cyndi_Thompson_,2396,746
Dai_Bachtiar_,4049,1640
Daisy_Fuentes_,2714,1025
Dalai_Lama_,1892,399
Dale_Earnhardt_Jr_,2108,540
Damon_van_Dam_,1355,135
Dan_Morales_,2529,858
Dan_Wheldon_,3007,1193
Daniel_Day-Lewis_,3194,1319
Daniel_Radcliffe_,3022,1203
Daniela_Hantuchova_,3575,1502
Darrell_Issa_,2140,566
Darrell_Porter_,1975,447
Darren_Clarke_,4029,1636
Daryl_Hannah_,605,8
Dave_Campo_,1216,92
David_Anderson_,1944,428
David_Beckham_,2628,936
David_Bell_,4294,1658
David_Caraway_,444,4
David_Caruso_,1875,386
David_Coulthard_,2424,770
David_Dodge_,2117,547
David_Heyman_,1650,243
David_Heymann_,1871,381
David_Hyde_Pierce_,2774,1059
David_Kelley_,3628,1521
David_Leahy_,3220,1329
David_Myers_,2264,648
David_Nalbandian_,2801,1080
David_Spade_,3283,1362
David_Stern_,1981,452
David_Trimble_,2059,502
David_Wells_,2202,614
David_Wolf_,1362,136
Dean_Barkley_,3843,1594
Debbie_Reynolds_,930,32
Debra_Brown_,1562,200
Debra_Messing_,3069,1244
Demetrius_Ferraciu_,1580,207
Demi_Moore_,2315,690
Denise_Johnson_,2711,1022
Dennis_Erickson_,1564,202
Dennis_Hastert_,3302,1372
Dennis_Kozlowski_,1051,47
Dennis_Kucinich_,2084,521
Dennis_Powell_,2548,878
Denzel_Washington_,3609,1514
Derek_Jeter_,2052,496
Derek_Lowe_,2683,999
Desiree_Lemosi_,2597,915
Dexter_Jackson_,2621,932
Diana_Krall_,3028,1208
Diana_Munz_,3365,1397
Diana_Taurasi_,1759,300
Diane_Green_,3193,1316
Dianne_Feinstein_,3299,1370
Dick_Cheney_,3099,1265
Dick_Clark_,2285,662
Dick_Latessa_,1609,218
Dick_Vermeil_,3377,1403
Dino_de_Laurentis_,1878,390
Dolly_Parton_,2082,519
Dolma_Tsering_,600,7
Dominik_Garcia-Lorido_,3779,1572
Dominique_de_Villepin_,3796,1576
Don_Nickles_,1490,180
Don_Siegelman_,3665,1535
Donald_Evans_,1348,130
Donald_Fehr_,3090,1260
Donald_Pettit_,1859,374
Donald_Rumsfeld_,2665,980
Donatella_Versace_,3556,1494
Donna_Shalala_,2409,760
Doris_Roberts_,1274,106
Doris_Schroeder_,2447,790
Dorthy_Moxley_,1020,43
Doug_Collins_,1837,354
Doug_Duncan_,2492,829
Doug_Melvin_,2864,1109
Drew_Barrymore_,3017,1198
Duane_Lee_Chapman_,2724,1030
Dwayne_Johnson_,3450,1443
Ed_Rosenthal_,3668,1536
Ed_Smart_,4279,1657
Eddie_Sutton_,3316,1376
Eddy_Merckx_,790,19
Edie_Falco_,2771,1057
Edmund_Hillary_,2684,1001
Edmund_Stoiber_,2037,487
Eduard_Shevardnadze_,1316,121
Eduardo_Duhalde_,3710,1550
Edward_James_Olmos_,1498,182
Edward_Kennedy_,2285,663
Edward_Lu_,1699,267
Edward_Norton_,2469,806
Edward_Said_,3484,1460
Edwin_Edwards_,2392,744
Edwina_Currie_,1937,425
Eileen_Coparropa_,3264,1350
Elena_Bovina_,2584,902
Eliane_Karp_,1777,305
Elijah_Wood_,1966,442
Elin_Nordegren_,2076,515
Elinor_Caplan_,3052,1230
Elisabeth_Schumacher_,1174,78
Elizabeth_Dole_,1813,330
Elizabeth_Hurley_,1777,306
Elizabeth_Shue_,3118,1275
Elizabeth_Smart_,1870,380
Elizabeth_Taylor_,1831,344
Ellen_DeGeneres_,2707,1019
Ellen_Engleman_,3054,1231
Elsa_Zylberstein_,1942,426
Elton_John_,3249,1345
Elvis_Presley_,2193,603
Emanuel_Ginobili_,2509,844
Emile_Lahoud_,2992,1183
Emily_Robison_,1756,298
Emma_Thompson_,2010,467
Emma_Watson_,1879,391
Emmanuelle_Beart_,1494,181
Emmit_Smith_,2291,668
Enrique_Bolanos_,3273,1358
Eric_Clapton_,1763,301
Eric_Hinske_,2102,536
Eric_Robert_Rudolph_,3973,1625
Eric_Rosser_,2357,723
Erik_Morales_,2707,1020
Erika_Christensen_,3054,1232
Erika_Harold_,3920,1616
Erin_Runnion_,3894,1610
Ernesto_Zedillo_,2444,786
Ernie_Els_,1811,328
Ernie_Eves_,2199,611
Ernie_Fletcher_,2268,651
Ethan_Hawke_,3072,1247
Eunice_Barber_,4586,1672
Eva_Dimas_,2648,959
Evan_Rachel_Wood_,2097,531
Evander_Holyfield_,2114,544
Eve_Pelletier_,2538,871
Fabiola_Zuluaga_,1816,332
Fabrice_Santoro_,3120,1277
Farouk_al-Sharaa_,2917,1148
Faye_Dunaway_,1543,195
Fayssal_Mekdad_,3830,1587
Federico_Trillo_,2930,1152
Felipe_Perez_Roque_,2356,721
Felix_Mantilla_,3494,1469
Ferenc_Madl_,1960,438
Fernando_Henrique_Cardoso_,3394,1415
Fernando_Vargas_,3559,1496
Fidel_Castro_,2265,649
Filippo_Inzaghi_,3986,1627
Flavia_Delaroli_,2270,653
Flor_Montulo_,3703,1548
Fran_Drescher_,2408,759
Frances_Fisher_,880,22
Francis_Ford_Coppola_,2519,849
Francis_George_,1591,212
Francis_Mer_,2091,526
Francisco_Flores_,1516,187
Franco_Dragone_,2067,509
Frank_Cassell_,914,30
Frank_Dunham_Jr_,3202,1323
Frank_Griswold_,1840,358
Frank_Lautenberg_,1962,440
Frank_Solich_,2260,645
Frank_Stallone_,1372,139
Franko_Simatovic_,1750,294
Franz_Beckenbauer_,2476,814
Franz_Fischler_,1951,432
Franz_Muentefering_,3021,1202
Fred_Eckhard_,1674,251
Fred_Funk_,3257,1347
Fred_Thompson_,2039,491
Freddy_Garcia_,1112,60
Fujio_Cho_,3574,1501
GL_Peiris_,689,12
Gabriel_Batistuta_,3812,1581
Gabriel_Valdes_,3479,1457
Gao_Qiang_,1615,222
Garry_Kasparov_,2393,745
Garry_Trudeau_,3464,1450
Gary_Bergeron_,2353,718
Gary_Carter_,2194,605
Gary_Doer_,1740,286
Gary_Forsee_,2243,632
Gary_Locke_,2860,1106
Gary_Williams_,2324,695
Gary_Winnick_,3837,1591
Gene_Robinson_,3734,1555
Geno_Auriemma_,2229,623
Geoff_Hoon_,3599,1511
George_Brumley_,3836,1590
George_Clooney_,2570,892
George_Foreman_,2203,615
George_Galloway_,2279,658
George_HW_Bush_,2509,845
George_Karl_,1874,385
George_Lopez_,2021,477
George_P_Bush_,1898,402
George_Papandreou_,4086,1642
George_Pataki_,1822,337
George_Robertson_,3521,1476
George_Roy_Hill_,2656,970
George_Ryan_,1853,367
George_Tenet_,3500,1472
George_Voinovich_,3924,1620
George_W_Bush_,2638,946
Georgi_Parvanov_,1596,213
Geraldine_Chaplin_,1217,94
Gerard_Depardieu_,3037,1218
Gerardo_Gambala_,1300,116
Gerhard_Schroeder_,2609,921
Gerry_Adams_,3459,1448
Gerry_Parsky_,2402,754
Gian_Marco_,3415,1425
Gianna_Angelopoulos-Daskalaki_,2251,633
Gil_de_Ferran_,1616,223
Gilberto_Rodriguez_Orejuela_,4735,1677
Gillian_Anderson_,1663,246
Gisele_Bundchen_,3270,1354
Giuseppe_Gibilisco_,2101,535
Glafcos_Clerides_,2127,557
Gloria_Allred_,2596,913
Gloria_Macapagal_Arroyo_,2809,1086
Gloria_Trevi_,2828,1094
Goh_Kun_,1727,282
Goldie_Hawn_,3490,1463
Gonzalo_Sanchez_de_Lozada_,2651,962
Goran_Persson_,3018,1201
Gordon_Brown_,2089,525
Gordon_Campbell_,1793,317
Grady_Irvin_Jr_,3360,1395
Grant_Hackett_,3993,1628
Gray_Davis_,2495,832
Greg_Gilbert_,1669,250
Greg_Ostertag_,1646,238
Greg_Owen_,2579,898
Greg_Rusedski_,2929,1151
Gregg_Popovich_,3248,1343
Gregory_Geoffroy_,1713,273
Gregory_Hines_,3383,1406
Gro_Harlem_Brundtland_,2444,787
Guido_Westerwelle_,3241,1340
Guillaume_Soro_,2886,1122
Guillermo_Canas_,3387,1408
Guillermo_Coria_,2015,472
Guillermo_Ortiz_,4205,1653
Gunter_Pleuger_,2028,483
Gus_Van_Sant_,2541,873
Gustavo_Kuerten_,1885,396
Guy_Hemmings_,1967,443
Guy_Ritchie_,3372,1399
Gwendal_Peizerat_,2433,776
Gwyneth_Paltrow_,2535,866
Habib_Rizieq_,2763,1055
Hal_Gehman_,3237,1337
Hal_Sutton_,1915,413
Halle_Berry_,3663,1534
Hamid_Karzai_,4008,1630
Hamzah_Haz_,1580,208
Hanan_Ashrawi_,1147,70
Hannah_Stockbauer_,3445,1441
Hans_Blix_,4022,1635
Hans_Eichel_,2551,879
Harbhajan_Singh_,2209,618
Harrison_Ford_,4611,1673
Harry_Belafonte_,2965,1166
Harry_Kalas_,2599,916
Harry_Schmidt_,1274,107
Harvey_Weinstein_,3188,1312
Hashim_Thaci_,2192,602
Hassan_Nasrallah_,3785,1573
Hassan_Wirajuda_,2299,679
Hayley_Tullett_,2980,1173
Heath_Ledger_,1243,101
Heather_Mills_,1433,162
Hector_Babenco_,2583,900
Hee-Won_Han_,2670,987
Heidi_Fleiss_,2380,734
Heidi_Klum_,2353,719
Heinz_Feldmann_,3188,1313
Heizo_Takenaka_,1828,343
Helen_Clark_,2312,686
Henrique_Meirelles_,1237,99
Herb_Sendek_,3206,1325
Hermann_Maier_,1918,415
Herta_Daeubler-Gmelin_,2795,1076
Hichiro_Naemura_,3738,1558
Hideki_Matsui_,2595,911
Hilary_Duff_,2903,1137
Hillary_Clinton_,1152,72
Hilmi_Ozkok_,1155,73
Hipolito_Mejia_,2443,785
Hisao_Oguchi_,901,27
Hitomi_Soga_,2532,860
Holly_Hunter_,2777,1064
Hootie_Johnson_,2836,1096
Horst_Koehler_,1342,129
Hosni_Mubarak_,3603,1513
Howard_Dean_,1390,144
Howard_Schultz_,2878,1114
Howard_Smith_,2351,715
Hu_Jintao_,2266,650
Hugh_Grant_,2849,1101
Hugo_Chavez_,2566,889
Hun_Sen_,1960,439
Iain_Duncan_Smith_,2889,1123
Ian_McKellen_,2668,985
Ian_Thorpe_,2173,586
Iban_Mayo_,3334,1386
Ibrahim_Jaafari_,3106,1270
Igor_Ivanov_,2334,704
Ilan_Ramon_,2655,966
Imad_Moustapha_,2432,775
Inam-ul-Haq_,3433,1436
Inocencio_Arias_,2657,973
Intisar_Ajouri_,3096,1263
Isabella_Rossellini_,2524,852
Isabelle_Huppert_,1293,112
Isaiah_Washington_,4032,1637
Ishaq_Shahryar_,2389,743
Ismail_Merchant_,2172,584
Iva_Majoli_,2272,655
JJ_Redick_,2484,820
JK_Rowling_,1185,80
Jack_Grubman_,3400,1417
Jack_Nicholson_,2165,578
Jack_Straw_,1838,357
Jackie_Chan_,3116,1274
Jacqueline_Obradors_,2011,469
Jacques_Chirac_,2367,726
Jacques_Rogge_,2283,661
Jada_Pinkett_Smith_,2659,975
Jake_Gyllenhaal_,2915,1145
James_Blake_,2496,833
James_Butts_,3170,1304
James_Caan_,1911,410
James_Cameron_,3885,1609
James_Cunningham_,2406,757
James_Franco_,1724,279
James_Gandolfini_,2429,772
James_Ivory_,2748,1048
James_Jones_,1216,93
James_Kelly_,2292,672
James_Kopp_,3045,1224
James_Maguire_,2545,877
James_McGreevey_,4539,1670
James_Morris_,2537,868
James_Parker_,1711,272
James_Schultz_,1513,185
James_Smith_,1544,196
James_Traficant_,885,23
James_Wolfensohn_,985,39
Jamie_Villafane_,309,2
Jamling_Norgay_,2478,815
Jan-Michael_Gambill_,1420,156
Jan_Ullrich_,3441,1438
Jane_Fonda_,2743,1046
Jane_Kaczmarek_,3140,1286
Jane_Pauley_,1677,252
Janet_Napolitano_,3944,1624
Janet_Thorpe_,2983,1177
Janica_Kostelic_,3381,1404
Jason_Alexander_,2628,937
Jason_Jennings_,3270,1355
Jason_Kidd_,1858,372
Jason_Lezak_,3264,1351
Javier_Solana_,2715,1026
Javier_Weber_,4313,1660
Jay_Garner_,3196,1321
Jay_Leno_,2779,1065
Jay_Rasulo_,3121,1279
Jayson_Williams_,3327,1383
Jean-Claude_Braquet_,1852,366
Jean-Claude_Juncker_,3105,1269
Jean-Claude_Trichet_,2616,927
Jean-David_Levitte_,2970,1168
Jean-Francois_Pontal_,1439,164
Jean-Marc_de_La_Sabliere_,2104,538
Jean-Pierre_Raffarin_,2537,869
Jean-Sebastien_Giguere_,1695,264
Jean_Brumley_,3390,1412
Jean_Carnahan_,1499,183
Jean_Charest_,3187,1311
Jean_Chretien_,1443,166
Jeanne_Moreau_,1827,342
Jeb_Bush_,1275,108
Jeff_Van_Gundy_,2016,473
Jefferson_Perez_,3323,1380
Jeffrey_Archer_,1042,45
Jeffrey_Immelt_,2470,808
Jeffrey_Jones_,2678,995
Jeffrey_Scott_Postell_,2770,1056
Jelena_Dokic_,2533,863
Jennifer_Aniston_,3195,1320
Jennifer_Capriati_,2455,793
Jennifer_Connelly_,2405,756
Jennifer_Garner_,1780,310
Jennifer_Keller_,768,18
Jennifer_Lopez_,2584,903
Jennifer_Reilly_,2297,676
Jennifer_Rodriguez_,1304,118
Jennifer_Thompson_,2220,622
Jeong_Se-hyun_,2661,976
Jeremy_Greenstock_,2003,464
Jeremy_Shockey_,1238,100
Jerry_Falwell_,2534,864
Jerry_Regier_,3070,1245
Jerry_Springer_,3373,1401
Jesse_Harris_,3403,1418
Jesse_Jackson_,3409,1423
Jesse_James_Leija_,3152,1295
Jesse_Ventura_,2667,982
Jessica_Alba_,2082,520
Jessica_Lange_,1080,56
Jessica_Lynch_,304,1
Jia_Qinglin_,1876,388
Jiang_Zemin_,4014,1631
Jim_Carrey_,1387,143
Jim_Edmonds_,1532,192
Jim_Furyk_,2488,827
Jim_Hahn_,1429,160
Jim_Harrick_,2863,1108
Jim_OBrien_,2382,735
Jim_Tressel_,2945,1159
Jimmy_Carter_,2866,1112
Jimmy_Kimmel_,760,17
Jiri_Novak_,1294,113
Jo_Dee_Messina_,2420,767
Joan_Claybrook_,2484,821
Joan_Laporta_,3688,1542
Job_Cohen_,2964,1165
Jodie_Foster_,2553,881
Joe_Calzaghe_,3572,1500
Joe_Dumars_,2858,1104
Joe_Gatti_,2991,1182
Joe_Lieberman_,2664,979
Joe_Mantello_,2454,792
Joe_Nichols_,3464,1451
Joe_Torre_,2166,579
Joerg_Haider_,3326,1382
John_Abizaid_,1651,244
John_Allen_Muhammad_,2322,693
John_Ashcroft_,2930,1153
John_Banko_,3281,1361
John_Blaney_,3323,1381
John_Bolton_,3837,1592
John_Brady_,2639,948
John_Cusack_,2503,838
John_Edwards_,2865,1110
John_F_Kennedy_Jr_,1201,85
John_Garamendi_,2784,1070
John_Howard_,3193,1317
John_Jumper_,1354,134
John_Kerry_,2433,777
John_Malkovich_,1703,269
John_Manley_,1253,102
John_Mayer_,1681,256
John_McCain_,1993,459
John_McCallum_,2497,834
John_McCormack_,3236,1336
John_McEnroe_,3240,1339
John_Negroponte_,3718,1552
John_Paul_II_,2440,780
John_Reid_,1837,355
John_Reilly_,2811,1087
John_Rigas_,4369,1666
John_Rosa_,3554,1492
John_Rowland_,1125,62
John_Ruiz_,2298,677
John_Snow_,2232,626
John_Spencer_,4177,1649
John_Stallworth_,2486,823
John_Stockton_,1623,228
John_Swofford_,2216,620
John_Taylor_,1349,131
John_Timoney_,1856,370
John_Travolta_,1997,463
John_Walsh_,3058,1234
John_Warner_,2558,886
John_Wolf_,2982,1175
Johnny_Carson_,2286,664
Johnny_Depp_,1944,429
Johnny_Tapia_,1855,368
Johnny_Unitas_,2122,549
Johnson_Panjaitan_,2674,991
Jolanta_Kwasniewski_,2956,1163
Jon_Corzine_,1597,214
Jon_Gruden_,4042,1639
Jon_Voight_,1419,155
Jonathan_Edwards_,1776,304
Jonathan_Mostow_,1375,140
Jong_Thae_Hwa_,2932,1155
Jong_Wook_Lee_,2692,1006
Jorge_Arce_,1224,96
Jorge_Batlle_,3848,1596
Jorge_Castaneda_,1950,431
Jorge_Rodolfo_Canicoba_Corral_,3314,1375
Jorge_Valdano_,2232,627
Joschka_Fischer_,1912,411
Jose_Canseco_,3509,1473
Jose_Dirceu_,3875,1605
Jose_Manuel_Durao_Barroso_,2772,1058
Jose_Maria_Aznar_,1942,427
Jose_Mourinho_,2387,740
Jose_Sarney_,2418,765
Jose_Serra_,3629,1522
Jose_Theodore_,2157,574
Jose_Viegas_Filho_,3750,1561
Joseph_Biden_,3942,1623
Joseph_Blatter_,2629,939
Joseph_Deiss_,3293,1368
Joseph_Estrada_,3882,1607
Joseph_Ralston_,2475,813
Juan_Carlos_Ferrero_,2562,888
Juan_Ignacio_Chela_,1825,340
Juan_Manuel_Marquez_,2024,479
Juan_Pablo_Montoya_,3208,1327
Juan_Valencia_Osorio_,3855,1599
Juanes_,1928,419
Jude_Law_,1589,211
Judi_Dench_,1052,48
Judy_Genshaft_,2314,689
Juergen_Peters_,3634,1523
Julia_Tymoshenko_,2941,1158
Julianna_Margulies_,909,29
Julianne_Moore_,1679,255
Julie_Gerberding_,2966,1167
Julie_Taymor_,2535,867
Julio_Iglesias_Jr_,2728,1033
Junichiro_Koizumi_,2063,507
Justin_Gatlin_,2861,1107
Justin_Guarini_,2639,949
Justin_Leonard_,2160,575
Justin_Timberlake_,1189,81
Justine_Henin_,1993,460
Justine_Pasek_,1795,319
Kalpana_Chawla_,2209,619
Kamal_Kharrazi_,2762,1054
Karen_Mok_,2398,749
Karin_Stoiber_,2292,673
Kate_Capshaw_,2117,548
Kate_Hudson_,2003,465
Kate_Winslet_,1686,258
Katherine_Harris_,1668,249
Kathleen_Glynn_,3420,1428
Kathleen_Kennedy_Townsend_,2396,747
Kathryn_Bigelow_,2554,883
Kathy_Winters_,2531,859
Katie_Harman_,2682,998
Keanu_Reeves_,2711,1023
Keira_Knightley_,2058,501
Keith_Bogans_,3615,1518
Kelli_White_,2126,555
Kelly_Clarkson_,1973,446
Kelvin_Sampson_,3528,1481
Kemal_Dervis_,1214,90
Ken_Macha_,1150,71
Ken_Watanabe_,2586,908
Kenneth_Bowersox_,2260,646
Kenneth_Branagh_,405,3
Kenneth_Evans_,3634,1524
Kent_Rominger_,2337,706
Kevin_Costner_,3043,1221
Kevin_Spacey_,3110,1272
Kevin_Stallings_,1987,455
Kieran_Prendergast_,3065,1237
Kifah_Ajouri_,2292,674
Kiki_Vandeweghe_,1458,172
Kim_Clijsters_,2486,824
Kim_Dae-jung_,2807,1085
Kim_Jin-sun_,2796,1077
Kim_Jong-Il_,2883,1120
Kim_Ryong-sung_,2320,691
Kim_Yong-il_,3227,1334
Kimi_Raikkonen_,2399,750
King_Abdullah_II_,3210,1328
Kirk_Ferentz_,4826,1679
Kirk_Johnson_,3758,1564
Kjell_Magne_Bondevik_,2576,897
Klaus_Zwickel_,2774,1060
Kobe_Bryant_,3984,1626
Kofi_Annan_,2690,1004
Kosuke_Kitajima_,3456,1446
Kristanna_Loken_,2272,656
Kristen_Breitweiser_,1353,132
Kristin_Davis_,2502,836
Kurt_Busch_,3207,1326
Kurt_Russell_,3577,1504
Kurt_Warner_,2699,1011
Kwon_Yang-sook_,1411,152
LK_Advani_,2733,1039
Laila_Ali_,3585,1506
Lana_Clarkson_,2582,899
Lance_Armstrong_,3059,1236
Lance_Bass_,2569,890
Larry_Bowa_,1754,296
Larry_Brown_,3787,1574
Larry_Coker_,2541,874
Larry_Ellison_,2268,652
Larry_Johnson_,2139,564
Larry_Lindsey_,1612,220
Larry_Lucchino_,2910,1142
Larry_Thompson_,2543,876
Lars_Von_Trier_,3735,1556
Latrell_Sprewell_,2881,1118
Laura_Bush_,888,24
Laura_Hernandez_,1525,189
Laura_Linney_,2193,604
Lauren_Hutton_,3045,1225
Lauren_Killian_,1769,302
Laurent_Gbagbo_,3317,1377
Laurent_Jalabert_,1362,137
Lawrence_MacAulay_,1698,265
LeAnn_Rimes_,1794,318
LeBron_James_,2109,541
Lea_Fastow_,1807,323
Leander_Paes_,3491,1465
Lech_Walesa_,1686,259
Lee_Hoi-chang_,2662,978
Lee_Jun_,966,37
Lee_Soo-hyuck_,4309,1659
Lee_Tae-sik_,1184,79
Leland_Chapman_,4705,1675
Len_Jenoff_,2890,1125
Lennox_Lewis_,2399,751
Lenny_Wilkens_,2855,1103
Leon_LaPorte_,2320,692
Leonard_Hamilton_,3566,1498
Leonardo_DiCaprio_,1554,197
Leonid_Kuchma_,2511,846
Lesley_McCulloch_,2402,755
Leslie_Ann_Woodward_,2706,1018
Leslie_Caldwell_,2661,977
Leslie_Moonves_,2016,474
Leszek_Miller_,1993,461
Li_Peng_,2440,781
Li_Zhaoxing_,2440,782
Liam_Neeson_,3762,1565
Lili_Taylor_,3623,1520
Lily_Tomlin_,2703,1016
Lim_Dong-won_,2728,1034
Lina_Krasnoroutskaya_,2458,795
Lindsay_Benko_,1203,87
Lindsay_Davenport_,2067,510
Lindsey_Graham_,1982,453
Lino_Oviedo_,1890,397
Lionel_Richie_,1815,331
Lisa_Gottsegen_,1983,454
Lisa_Ling_,2429,773
Lisa_Marie_Presley_,3526,1480
Lisa_Raymond_,2823,1093
Liu_Mingkang_,3694,1544
Liza_Minnelli_,2680,996
Lleyton_Hewitt_,1975,448
Lloyd_Ward_,3009,1196
Lon_Kruger_,3848,1597
Lord_Hutton_,1067,51
Lou_Piniella_,2594,910
Luciano_Pavarotti_,2506,841
Lucio_Gutierrez_,3363,1396
Lucy_Liu_,2207,616
Ludivine_Sagnier_,3203,1324
Luis_Ernesto_Derbez_Bautista_,2418,766
Luis_Figo_,3553,1491
Luis_Gonzalez_Macchi_,2792,1075
Luis_Horna_,3571,1499
Luiz_Felipe_Scolari_,3645,1528
Luiz_Inacio_Lula_da_Silva_,2653,965
Luke_Walton_,2750,1049
Lyle_Vanclief_,1979,451
Lynn_Abraham_,2057,500
Lynn_Redgrave_,1559,199
Lynne_Cheney_,1777,307
Mack_Brown_,1167,75
Madeleine_Albright_,3000,1189
Madonna_,2332,702
Magdalena_Maleeva_,2667,983
Maggie_Smith_,2541,875
Magui_Serna_,1442,165
Mahathir_Mohamad_,2723,1029
Mahmoud_Abbas_,2668,986
Makhdoom_Amin_Fahim_,3164,1302
Manfred_Stolpe_,2399,752
Manuel_Poggiali_,3258,1348
Marat_Safin_,2427,771
Marc-Andre_Fleury_,3239,1338
Marc_Grossman_,2325,697
Marcelo_Ebrard_,2635,944
Marcelo_Rios_,2339,707
Marcelo_Salas_,3415,1426
Marco_Antonio_Barrera_,1314,120
Marcus_Gronholm_,3474,1454
Margaret_Thatcher_,1401,148
Maria_Luisa_Mendonca_,1580,209
Maria_Shriver_,1898,403
Maria_Soledad_Alvear_Valenzuela_,3090,1261
Mariah_Carey_,2803,1083
Mariana_Pollack_,1648,242
Mariangel_Ruiz_Torrealba_,2311,685
Marie-Reine_Le_Gougne_,1523,188
Marieta_Chrousala_,2019,476
Marilyn_Monroe_,3074,1250
Marina_Anissina_,1882,393
Mario_Cipollini_,2151,572
Mario_Dumont_,1825,341
Mario_Kreutzberger_,2410,761
Marisa_Tomei_,1713,274
Marissa_Jaret_Winokur_,1415,153
Mark_Cuban_,1857,371
Mark_Dacey_,2479,816
Mark_Geragos_,2171,581
Mark_Gottfried_,2997,1187
Mark_Hamister_,2344,712
Mark_Heller_,2335,705
Mark_Hurlbert_,3485,1461
Mark_Philippoussis_,3066,1240
Mark_Richt_,2356,722
Mark_Schweiker_,2378,732
Mark_Wahlberg_,3148,1293
Mark_Warner_,3071,1246
Markus_Naslund_,1637,232
Marlene_Weingartner_,2734,1040
Martha_Beatriz_Roque_,3225,1333
Martha_Bowen_,1563,201
Martha_Burk_,2583,901
Martha_Lucia_Ramirez_,3081,1253
Martha_Stewart_,2301,680
Martin_Brodeur_,2188,599
Martin_Cauchon_,2725,1032
Martin_Hoellwarth_,2080,518
Martin_McCauley_,3483,1458
Martin_McGuinness_,3190,1314
Martin_Scorsese_,2323,694
Martin_Sheen_,1785,314
Martin_Verkerk_,3935,1621
Martina_Hingis_,1849,365
Martina_McBride_,2139,565
Marty_Mornhinweg_,3921,1617
Marwan_Barghouthi_,3083,1255
Mary-Kate_Olsen_,3489,1462
Mary_Carey_,3434,1437
Mary_Landrieu_,2386,739
Mary_Steenburgen_,2124,552
Mary_Tyler_Moore_,2629,940
Masahiko_Nagasawa_,3036,1216
Masum_Turker_,3613,1516
Mathias_Reichhold_,2655,967
Matt_Damon_,1208,89
Matt_Dillon_,2632,941
Matt_Doherty_,3338,1388
Matthew_Broderick_,1969,444
Matthew_Perry_,2900,1134
Maureen_Fanning_,1834,347
Max_Mayfield_,2651,963
Megan_Mullally_,2484,822
Megawati_Sukarnoputri_,1686,260
Meghann_Shaughnessy_,1782,311
Mel_Brooks_,1933,423
Mel_Gibson_,2048,494
Melanie_Griffith_,3543,1486
Melissa_Etheridge_,1812,329
Meryl_Streep_,2313,687
Mesut_Yilmaz_,2632,942
Mian_Khursheed_Mehmood_Kasuri_,2252,635
Michael_Ballack_,2182,591
Michael_Bloomberg_,3575,1503
Michael_Caine_,2890,1126
Michael_Capellas_,3420,1429
Michael_Chang_,2099,534
Michael_Chiklis_,3845,1595
Michael_Douglas_,2605,919
Michael_J_Sheehan_,1140,66
Michael_Jackson_,2288,666
Michael_Jordan_,2782,1069
Michael_Keaton_,3589,1507
Michael_Kostelnik_,3124,1281
Michael_Leavitt_,1485,177
Michael_Moore_,2620,930
Michael_Patrick_King_,1327,124
Michael_Phelps_,2635,945
Michael_Powell_,3008,1195
Michael_Schumacher_,2608,920
Michael_Sullivan_,2525,854
Michael_Winterbottom_,2438,779
Michel_Duclos_,2641,952
Michel_Temer_,2353,720
Michel_Therrien_,1783,312
Michelle_Branch_,1399,147
Michelle_Collins_,2122,550
Michelle_Kwan_,2614,926
Michelle_Pfeiffer_,2396,748
Michelle_Rodriguez_,3277,1360
Michelle_Yeoh_,2466,801
Mick_Jagger_,3169,1303
Miguel_Contreras_,3531,1482
Miguel_Estrada_,1906,405
Mike_Babcock_,2423,769
Mike_Brey_,2059,503
Mike_Helton_,1050,46
Mike_Holmgren_,2584,904
Mike_Krzyzewski_,3491,1466
Mike_Martz_,3085,1257
Mike_Miller_,1871,382
Mike_Montgomery_,1890,398
Mike_Myers_,3046,1226
Mike_Price_,3828,1586
Mike_Scioscia_,2911,1143
Mike_Tyson_,4004,1629
Mike_Weir_,1809,326
Mikhail_Gorbachev_,1619,224
Mikhail_Kasyanov_,1302,117
Mikhail_Wehbe_,2880,1116
Mikhail_Youzhny_,2895,1130
Mikulas_Dzurinda_,3067,1241
Milo_Djukanovic_,3768,1570
Milo_Maestrecampo_,2258,642
Minnie_Driver_,2240,629
Mireya_Moscoso_,2506,842
Miroljub_,2011,470
Mitchell_Daniels_,987,40
Mitoji_Yabunaka_,3098,1264
Miyako_Miyazaki_,1723,278
Mohamed_Benaissa_,2253,637
Mohamed_ElBaradei_,3833,1588
Mohammad_Khatami_,3594,1509
Mohammed_Al-Douri_,4716,1676
Mohammed_Baqir_al-Hakim_,3196,1322
Monica_Bellucci_,1004,41
Monica_Lewinsky_,2904,1138
Monica_Seles_,2329,700
Monique_Garbrecht-Enfeldt_,1797,320
Morgan_Freeman_,3289,1367
Moshe_Katsav_,2790,1073
Muammar_Gaddafi_,4634,1674
Muhammad_Ali_,3283,1363
Muhammad_Saeed_al-Sahhaf_,3514,1475
Mukesh_Ambani_,893,25
Munir_Akram_,2302,682
Nabil_Shaath_,1667,248
Nadia_Petrova_,2197,608
Nadine_Vinzens_,1340,128
Naji_Sabri_,2229,624
Nan_Wang_,3087,1259
Nancy_Demme_,2412,763
Nancy_Pelosi_,2288,667
Nancy_Reagan_,2553,882
Nancy_Sinatra_,1621,225
Nanni_Moretti_,3849,1598
Naomi_Campbell_,3113,1273
Naomi_Watts_,1741,287
Naoto_Kan_,1625,229
Nasser_al-Kidwa_,4273,1655
Nastassia_Kinski_,2342,710
Natalie_Cole_,3124,1282
Natalie_Coughlin_,2584,905
Natalie_Maines_,3765,1567
Natasha_McElhone_,2341,709
Nathalie_Baye_,2059,504
Nathan_Lane_,3552,1490
Nebojsa_Pavkovic_,2351,716
Nelson_Mandela_,2180,590
Neri_Marcore_,1882,394
Nestor_Kirchner_,2947,1160
Nia_Vardalos_,2171,582
Nicanor_Duarte_Frutos_,3357,1394
Nicholas_Byron_,3036,1217
Nicholas_Tse_,3080,1252
Nick_Nolte_,2595,912
Nicolas_Cage_,3161,1299
Nicolas_Escude_,2904,1139
Nicolas_Lapentti_,2256,640
Nicole_Kidman_,1568,203
Nikki_Reed_,2296,675
Noah_Wyle_,1426,159
Noelle_Bush_,2642,953
Nora_Bendijo_,1605,215
Norah_Jones_,2109,542
Norm_Coleman_,2129,560
Norman_Jewison_,4154,1646
Norodom_Sihanouk_,3921,1618
Nursultan_Nazarbayev_,3248,1344
OJ_Simpson_,3550,1488
Oleksandr_Moroz_,1808,324
Olesya_Bonabarenko_,1730,284
Olivia_Newton-John_,697,13
Omar_Sharif_,3715,1551
Oprah_Winfrey_,4087,1643
Orlando_Bloom_,1258,105
Orrin_Hatch_,2382,736
Osama_bin_Laden_,3243,1341
Oscar_De_La_Hoya_,2738,1043
Oscar_Elias_Biscet_,2263,647
Oswaldo_Paya_,3674,1539
Owen_Wilson_,1223,95
Oxana_Fedorova_,1861,375
Ozzy_Osbourne_,2931,1154
Padraig_Harrington_,3772,1571
Pamela_Anderson_,1745,289
Paradorn_Srichaphan_,1622,226
Paris_Hilton_,2843,1099
Parris_Glendening_,3321,1379
Pascal_Lamy_,2339,708
Pascal_Quignard_,3392,1414
Pat_Burns_,2704,1017
Pat_Cox_,1353,133
Patrice_Chereau_,3031,1212
Patricia_Clarkson_,2676,994
Patricia_Heaton_,2947,1161
Patrick_Ewing_,2892,1128
Patrick_Leahy_,4017,1634
Patrick_McEnroe_,1622,227
Patrick_Roy_,2699,1012
Patrick_Stewart_,2638,947
Patti_Labelle_,2713,1024
Patty_Schnyder_,1909,408
Paul-Henri_Mathieu_,2072,513
Paul_Bremer_,4068,1641
Paul_Burrell_,2455,794
Paul_Byrd_,2410,762
Paul_Coppin_,2196,607
Paul_Gascoigne_,1078,54
Paul_Hogan_,3366,1398
Paul_Kagame_,3081,1254
Paul_Martin_,1855,369
Paul_McCartney_,3067,1242
Paul_McNulty_,2462,797
Paul_ONeill_,1884,395
Paul_Patton_,2506,843
Paul_Pierce_,2573,894
Paul_Sarbanes_,894,26
Paul_Shanley_,4177,1650
Paul_Tagliabue_,1991,457
Paul_Wellstone_,3033,1214
Paul_William_Hurley_,3550,1489
Paul_Wolfowitz_,2634,943
Paula_Radcliffe_,3804,1579
Paula_Zahn_,3158,1298
Paulo_Cesar_Pinheiro_,3833,1589
Pedro_Almodovar_,1486,178
Pedro_Malan_,2095,527
Pedro_Solbes_,2575,896
Penelope_Ann_Miller_,2003,466
Penelope_Cruz_,2640,950
Pervez_Musharraf_,2189,600
Pete_Carroll_,3651,1531
Pete_Rose_,1991,458
Pete_Sampras_,2143,568
Peter_Arnett_,3590,1508
Peter_Bacanovic_,2064,508
Peter_Costello_,3634,1525
Peter_Greenaway_,2036,486
Peter_Harrison_,3825,1585
Peter_Hillary_,1824,339
Peter_Struck_,2291,669
Petria_Thomas_,2569,891
Petro_Symonenko_,3766,1568
Phan_Van_Khai_,2125,553
Phil_Gramm_,3049,1227
Phil_Mickelson_,2869,1113
Phil_Vassar_,2901,1136
Philippe_Noiret_,2160,576
Pierce_Brosnan_,1641,235
Pierre_Boulanger_,1894,401
Pierre_Pettigrew_,2774,1061
Placido_Domingo_,3023,1205
Prince_Charles_,2558,887
Prince_Claus_,2775,1062
Prince_Edward_,2779,1066
Prince_Harry_,2963,1164
Prince_Naruhito_,2343,711
Prince_Willem-Alexander_,3699,1546
Prince_William_,1231,98
Princess_Aiko_,2084,522
Princess_Anne_,2387,741
Princess_Caroline_,3483,1459
Princess_Elisabeth_,819,20
Princess_Masako_,2745,1047
Priscilla_Owen_,3220,1330
Priscilla_Presley_,2551,880
Pupi_Avati_,2123,551
Queen_Beatrix_,1800,321
Queen_Elizabeth_II_,2024,480
Queen_Latifah_,3029,1209
Queen_Rania_,2572,893
Rachel_Griffiths_,2690,1005
Rachel_Hunter_,2686,1002
Rafael_Ramirez_,2805,1084
Raghad_Saddam_Hussein_,2732,1037
Rainer_Schuettler_,1444,167
Ralf_Schumacher_,3037,1219
Ralph_Firman_,1822,338
Ralph_Klein_,2172,585
Ralph_Lauren_,1745,290
Ranil_Wickremasinghe_,2060,505
Raoul_Ruiz_,2195,606
Raquel_Welch_,2271,654
Ray_Allen_,4177,1651
Ray_Nagin_,1789,316
Ray_Romano_,2779,1067
Raymond_Odierno_,3524,1479
Rebecca_Romijn-Stamos_,3475,1456
Rebekah_Chantay_Revels_,2332,703
Recep_Tayyip_Erdogan_,2895,1131
Reese_Witherspoon_,2191,601
Reggie_Miller_,2889,1124
Renee_Zellweger_,3044,1222
Ricardo_Lagos_,1843,360
Ricardo_Lopez_Murphy_,942,34
Ricardo_Maduro_,1533,193
Ricardo_Monasterio_,1698,266
Ricardo_Sanchez_,2463,798
Rich_Gannon_,2463,799
Richard_Armitage_,1393,145
Richard_Branson_,1779,309
Richard_Butler_,1378,141
Richard_Crenna_,2699,1013
Richard_Gephardt_,2175,588
Richard_Gere_,2488,828
Richard_Haass_,3007,1194
Richard_Krajicek_,3819,1583
Richard_Myers_,3146,1290
Richard_Norton-Taylor_,1066,50
Richard_Sambrook_,1994,462
Richard_Shelby_,1287,111
Richard_Virenque_,2947,1162
Richie_Adubato_,2486,825
Rick_Barnes_,1970,445
Rick_Carlisle_,1641,236
Rick_Dinse_,2512,847
Rick_Perry_,3025,1207
Rick_Pitino_,2988,1180
Rick_Romley_,1297,114
Rick_Santorum_,1777,308
Rick_Stansbury_,2387,742
Rick_Wagoner_,3118,1276
Ricky_Barnes_,4015,1633
Ricky_Martin_,2596,914
Ricky_Ponting_,2822,1092
Rio_Ferdinand_,2291,670
Rita_Grande_,3881,1606
Rita_Moreno_,1834,348
Rita_Wilson_,1432,161
Rob_Lowe_,3497,1470
Rob_Marshall_,3581,1505
Rob_Schneider_,3937,1622
Robbie_Fowler_,1844,363
Robbie_Williams_,2163,577
Robby_Ginepri_,3341,1389
Robert_Blackwill_,1647,241
Robert_Blake_,1337,127
Robert_Bonner_,2640,951
Robert_Bullock_,2859,1105
Robert_DeFraites_,1140,67
Robert_De_Niro_,3276,1359
Robert_Duvall_,2914,1144
Robert_Ehrlich_,2585,906
Robert_Evans_,1605,216
Robert_Fico_,1808,325
Robert_Horan_,1077,53
Robert_Kocharian_,2377,731
Robert_Mueller_,1202,86
Robert_Mugabe_,3642,1527
Robert_Redford_,1009,42
Robert_Stack_,3462,1449
Robert_Torricelli_,2038,488
Robert_Witt_,3193,1318
Robert_Zoellick_,2521,850
Roberto_Benigni_,3455,1445
Roberto_Carlos_,3073,1248
Roberto_Marinho_,1170,76
Robin_Cook_,2430,774
Robin_McLaurin_Williams_,1407,149
Robinson_Stevenin_,1788,315
Rod_Blagojevich_,1922,417
Rod_Stewart_,2327,699
Rodrigo_Borja_,1875,387
Roger_Clemens_,2072,514
Roger_Federer_,3104,1267
Roger_Moore_,1835,351
Rogerio_Romero_,2435,778
Roh_Moo-hyun_,2251,634
Rolandas_Paksas_,1959,437
Rolf_Eckrodt_,1843,361
Roman_Polanski_,2628,938
Romano_Prodi_,3029,1210
Ron_Dittemore_,3390,1413
Ron_Howard_,1470,174
Ronald_Reagan_,2666,981
Ronaldo_Luis_Nazario_de_Lima_,2574,895
Roseanne_Barr_,1380,142
Rosemarie_Stack_,3230,1335
Roy_Jones_Jr_,3541,1485
Roy_Moore_,3814,1582
Roy_Williams_,3452,1444
Ruben_Studdard_,3120,1278
Rubens_Barrichello_,2407,758
Rudolph_Giuliani_,2532,861
Rupert_Grint_,1784,313
Rupert_Murdoch_,2198,609
Russell_Coutts_,3163,1301
Russell_Crowe_,2280,659
Russell_Simmons_,3545,1487
Ruth_Dreifuss_,2647,957
Ruth_Harlow_,2904,1140
S_Jayakumar_,3135,1284
Saburo_Kawabuchi_,1482,176
Sachiko_Yamada_,1951,433
Saddam_Hussein_,1609,219
Sadie_Frost_,1133,65
Saeb_Erekat_,2988,1181
Sally_Field_,2609,922
Sally_Kirkland_,3344,1392
Sally_Ride_,2254,638
Salma_Hayek_,2469,807
Salman_Rushdie_,2254,639
Sam_Bith_,1932,421
Sam_Mendes_,2044,492
Sam_Torrance_,3610,1515
Samira_Makhmalbaf_,2730,1036
Sammy_Sosa_,2086,523
Samuel_Waksal_,3443,1440
Sandra_Bullock_,2775,1063
Saparmurat_Niyazov_,2086,524
Sarah_Hughes_,2671,988
Sarah_Jessica_Parker_,1571,204
Sarah_Michelle_Gellar_,2183,592
Scott_McClellan_,2125,554
Scott_McNealy_,1539,194
Scott_Peterson_,3327,1384
Scott_Ritter_,2811,1088
Scott_Rudin_,2751,1051
Scott_Sullivan_,1470,175
Scott_Wolf_,1283,109
Sean_Astin_,1286,110
Sean_Hayes_,2126,556
Sean_OKeefe_,3905,1611
Sean_Patrick_OMalley_,3373,1402
Sean_Penn_,1716,275
Sebastian_Saja_,2487,826
Sebastien_Grosjean_,2114,545
Sepp_Blatter_,3522,1477
Serena_Williams_,3050,1228
Sergei_Ivanov_,3422,1431
Sergey_Lavrov_,2626,935
Sergio_Garcia_,2258,643
Sergio_Vieira_De_Mello_,3000,1190
Shane_Mosley_,2939,1156
Shane_Warne_,906,28
Shannon_OBrien_,3309,1374
Sharon_Davis_,2013,471
Sharon_Frey_,1909,409
Sharon_Osbourne_,1529,190
Sharon_Stone_,2656,971
Shaukat_Aziz_,2050,495
Shaul_Mofaz_,3287,1365
Sheila_Copps_,2740,1044
Sheila_Fraser_,3336,1387
Sheila_Wellstone_,1229,97
Sheryl_Crow_,2071,512
Shia_LaBeouf_,2060,506
Shimon_Peres_,2982,1176
Sila_Calderon_,2621,933
Silvan_Shalom_,1978,449
Silvia_Farina_Elia_,2474,812
Silvio_Berlusconi_,3420,1430
Silvio_Fernandez_,2373,730
Simon_Cowell_,1371,138
Slobodan_Milosevic_,2183,593
Sonia_Gandhi_,3056,1233
Sophia_Loren_,1415,154
Sourav_Ganguly_,3405,1421
Spencer_Abraham_,2301,681
Stacy_Dragila_,1707,271
Stan_Heath_,2919,1149
Stanley_McChrystal_,1757,299
Stanley_Tong_,2169,580
Stefano_Accorsi_,2613,924
Steffi_Graf_,3272,1357
Stellan_Skarsgard_,2590,909
Stephen_Ambrose_,1893,400
Stephen_Daldry_,2522,851
Stephen_Friedman_,2280,660
Steve_Backley_,2604,917
Steve_Ballmer_,3125,1283
Steve_Lavin_,2532,862
Steve_Mariucci_,3342,1390
Steve_Nash_,3442,1439
Steve_Park_,3137,1285
Steve_Spurrier_,2648,960
Steve_Waugh_,1877,389
Steven_Hatfill_,1079,55
Steven_Seagal_,1749,292
Steven_Spielberg_,2557,885
Stockard_Channing_,1612,221
Strom_Thurmond_,2445,789
Sue_Wicks_,2620,931
Surakait_Sathirathai_,3474,1455
Susan_Collins_,2349,714
Susan_Sarandon_,2538,872
Susie_Castillo_,2053,498
Susilo_Bambang_Yudhoyono_,2459,796
Suzanne_Gaudet_,2527,856
Svetlana_Koroleva_,2482,818
Sylvester_Stallone_,1880,392
Taha_Yassin_Ramadan_,3662,1532
Takashi_Sorimachi_,3085,1258
Tamara_Brooks_,4358,1665
Tammy_Lynn_Michaels_,1646,239
Tang_Jiaxuan_,3177,1306
Tariq_Aziz_,3748,1560
Tassos_Papadopoulos_,1904,404
Taufik_Hidayat_,3355,1393
Ted_Maher_,1912,412
Terje_Roed-Larsen_,2820,1091
Terrell_Suggs_,3404,1420
Terry_McAuliffe_,2970,1169
Terry_Stotts_,1410,151
Thabo_Mbeki_,3146,1291
Thaksin_Shinawatra_,3140,1287
Theo_Epstein_,3763,1566
Theodore_Tweed_Roosevelt_,2995,1186
Theresa_May_,1396,146
Thierry_Falise_,2441,783
Thomas_Birmingham_,3509,1474
Thomas_Bjorn_,2879,1115
Thomas_Fargo_,2352,717
Thomas_Malchow_,1214,91
Thomas_OBrien_,2800,1079
Thomas_Rupprath_,1741,288
Thomas_Wyman_,3422,1432
Tiger_Woods_,2022,478
Tim_Allen_,1843,362
Tim_Chapman_,2095,528
Tim_Conway_,1955,435
Tim_Curry_,2467,802
Tim_Duncan_,2642,954
Tim_Floyd_,3423,1433
Tim_Henman_,2400,753
Tim_Robbins_,1089,57
Tippi_Hedren_,2379,733
Todd_Haynes_,3750,1562
Tom_Brady_,3838,1593
Tom_Coverdale_,4315,1662
Tom_Craddick_,3065,1238
Tom_Crean_,2525,855
Tom_Cruise_,2183,594
Tom_Daschle_,2199,612
Tom_Glavine_,842,21
Tom_Hanks_,2604,918
Tom_Harkin_,3083,1256
Tom_Jones_,3147,1292
Tom_Reilly_,3297,1369
Tom_Ridge_,2617,928
Tom_Watson_,1639,234
Tommy_Franks_,3287,1366
Tommy_Haas_,2976,1172
Tommy_Robredo_,2621,934
Tommy_Thompson_,2127,558
Tomoko_Hagiwara_,1423,157
Toni_Braxton_,2695,1008
Tony_Bennett_,2729,1035
Tony_Blair_,4746,1678
Tony_Curtis_,2277,657
Tony_Parker_,3397,1416
Tony_Shalhoub_,3035,1215
Tony_Stewart_,2524,853
Torri_Edwards_,2692,1007
Toshihiko_Fukui_,2537,870
Tracee_Ellis_Ross_,2417,764
Tracy_McGrady_,2880,1117
Trent_Lott_,3412,1424
Tsutomu_Takebe_,2789,1072
Tubby_Smith_,3693,1543
Tung_Chee-hwa_,3023,1206
Tyler_Hamilton_,2701,1014
Tyra_Banks_,3179,1307
Tyron_Garner_,1775,303
Uma_Thurman_,3493,1468
Vaclav_Havel_,2881,1119
Vaclav_Klaus_,1317,122
Valdas_Adamkus_,1579,206
Valentino_Rossi_,3270,1356
Valerie_Harper_,2799,1078
Valery_Giscard_dEstaing_,2385,737
Vanessa_Incontrada_,3614,1517
Vanessa_Redgrave_,2865,1111
Vanessa_Williams_,1026,44
Venus_Williams_,2802,1082
Vicente_Fernandez_,4108,1645
Vicente_Fox_,3173,1305
Vicki_Zhao_Wei_,1737,285
Victoria_Beckham_,3803,1578
Victoria_Clarke_,4345,1664
Vidar_Helgesen_,3022,1204
Vin_Diesel_,3040,1220
Vince_Carter_,2102,537
Vince_Gill_,2940,1157
Vincent_Brooks_,3746,1559
Vincent_Gallo_,2112,543
Vitali_Klitschko_,3698,1545
Vivica_Fox_,1115,61
Vladimir_Putin_,3269,1353
Vladimir_Spidla_,2207,617
Vladimir_Voltchkov_,2891,1127
Vladimiro_Montesinos_,1641,237
Vojislav_Kostunica_,2517,848
Walter_Mondale_,4407,1667
Wang_Yi_,1835,352
Wang_Yingfan_,949,35
Warren_Beatty_,1915,414
Warren_Buffett_,2920,1150
Wayne_Ferreira_,2470,809
Wayne_Gretzky_,2656,972
Wen_Jiabao_,1189,82
Wesley_Clark_,2707,1021
Will_Smith_,1947,430
William_Bratton_,1692,262
William_Bulger_,2840,1097
William_Burns_,3874,1604
William_Donaldson_,2698,1010
William_Ford_Jr_,2038,489
William_Hochul_,3674,1540
William_Macy_,2492,830
William_Martin_,2894,1129
William_Rehnquist_,2672,990
Win_Aung_,2915,1146
Winona_Ryder_,2287,665
Wolfgang_Schuessel_,2790,1074
Woody_Allen_,2715,1027
Wu_Yi_,2843,1100
Xanana_Gusmao_,2671,989
Xavier_Malisse_,3905,1612
Yann_Martel_,2098,533
Yao_Ming_,2259,644
Yasar_Yakis_,3388,1409
Yashwant_Sinha_,2980,1174
Yasser_Arafat_,3456,1447
Yevgeny_Kafelnikov_,3223,1332
Yoko_Ono_,2116,546
Yoriko_Kawaguchi_,1336,126
Yossi_Beilin_,4275,1656
Yu_Shyi-kun_,1206,88
Yukiko_Okudo_,1257,103
Yuri_Fedotov_,1450,169
Yuri_Malenchenko_,1858,373
Zafarullah_Khan_Jamali_,2372,728
Zarai_Toledo_,2149,571
Zhang_Wenkang_,1486,179
Zhang_Ziyi_,2171,583
Zhu_Rongji_,1299,115
Zico_,2609,923
Zinedine_Zidane_,1718,277
Zoran_Djindjic_,2473,811
