Name,Highest Rank,Fused Ranks
,,
,,
Aaron_Peirsol_,539,1107
Aaron_Sorkin_,539,1108
Abdel_Nasser_Assidi_,1,1
Abdoulaye_Wade_,858,1447
Abdullah_,24,69
Abdullah_Gul_,283,667
Abdullah_al-Attiyah_,577,1161
Abdullatif_Sener_,296,693
Abel_Pacheco_,1052,1576
Abid_Hamid_Mahmud_Al-Tikriti_,929,1507
Adam_Sandler_,297,696
Adam_Scott_,98,269
Adel_Al-Jubeir_,890,1470
Adolfo_Aguilar_Zinser_,966,1531
Adolfo_Rodriguez_Saa_,754,1347
Adrian_McPherson_,2,4
Adrian_Nastase_,91,251
Adrien_Brody_,370,827
Ahmad_Masood_,241,589
Ahmed_Chalabi_,34,98
Ahmet_Necdet_Sezer_,943,1516
Ai_Sugiyama_,841,1429
Aicha_El_Ouafi_,425,929
Aitor_Gonzalez_,652,1255
Akbar_Hashemi_Rafsanjani_,571,1153
Akhmed_Zakayev_,515,1069
Al_Davis_,68,194
Al_Gore_,209,525
Al_Pacino_,879,1461
Al_Sharpton_,479,1014
Alan_Ball_,3,7
Alan_Greenspan_,128,344
Alan_Mulally_,532,1098
Alastair_Campbell_,938,1512
Albert_Costa_,73,205
Alberto_Fujimori_,863,1451
Alberto_Ruiz_Gallardon_,955,1526
Albrecht_Mentz_,802,1386
Aldo_Paredes_,249,605
Alec_Baldwin_,124,334
Alejandro_Atchugarry_,343,781
Alejandro_Avila_,736,1339
Alejandro_Toledo_,109,294
Aleksander_Kwasniewski_,121,325
Alex_Barros_,295,691
Alex_Penelas_,301,704
Alex_Sink_,572,1154
Alexander_Downer_,652,1256
Alexander_Losyukov_,212,533
Alexander_Rumyantsev_,397,885
Alexandra_Stevenson_,604,1193
Alexandra_Vodjanikova_,227,563
Ali_Abbas_,87,240
Ali_Khamenei_,669,1274
Ali_Naimi_,407,900
Alice_Fisher_,717,1321
Alicia_Silverstone_,258,626
Alimzhan_Tokhtakhounov_,548,1123
Alison_Lohman_,294,688
Allen_Iverson_,1216,1647
Allison_Janney_,446,963
Allyson_Felix_,220,548
Alvaro_Noboa_,377,842
Alvaro_Silva_Calderon_,472,1002
Alvaro_Uribe_,980,1539
Amanda_Beard_,224,556
Amanda_Bynes_,509,1062
Amanda_Coetzer_,496,1042
Amber_Tamblyn_,4,10
Amelia_Vega_,256,620
Amelie_Mauresmo_,1369,1676
Amer_al-Saadi_,460,985
Amram_Mitzna_,723,1328
Ana_Guevara_,489,1031
Ana_Palacio_,208,523
Anastasia_Myskina_,1069,1586
Anders_Ebbeson_,339,774
Anders_Fogh_Rasmussen_,168,441
Andre_Agassi_,431,940
Andrei_Mikhnevich_,660,1266
Andrew_Bunner_,387,865
Andrew_Cuomo_,164,433
Andrew_Niccol_,191,488
Andrew_Weissmann_,525,1086
Andy_Hebb_,358,809
Andy_Roddick_,988,1542
Angela_Bassett_,118,319
Angela_Lansbury_,22,64
Angela_Merkel_,42,122
Angelina_Jolie_,313,726
Angelo_Reyes_,1136,1616
Anibal_Ibarra_,808,1395
Ann_Veneman_,211,531
Anna_Kournikova_,469,998
Anna_Nicole_Smith_,273,649
Anne_Krueger_,622,1215
Anne_McLellan_,267,637
Anneli_Jaatteenmaki_,1135,1615
Annette_Bening_,689,1291
Annette_Lu_,11,31
Anthony_Fauci_,403,895
Anthony_Hopkins_,233,575
Anthony_LaPaglia_,5,13
Antonio_Banderas_,257,623
Antonio_Palocci_,320,737
Antonio_Trillanes_,1037,1563
Antony_Leung_,920,1502
Anwar_Ibrahim_,217,543
Arantxa_Sanchez-Vicario_,1236,1652
Ari_Fleischer_,68,195
Arianna_Huffington_,222,553
Ariel_Sharon_,118,320
Arlen_Specter_,606,1196
Arminio_Fraga_,25,72
Arnaud_Clement_,139,372
Arnold_Palmer_,323,740
Arnold_Schwarzenegger_,854,1443
Arnoldo_Aleman_,226,560
Aron_Ralston_,987,1541
Arsinee_Khanjian_,245,598
Art_Hoffmann_,70,198
Art_Howe_,275,653
Arturo_Gatti_,229,567
Arye_Mekel_,842,1430
Asa_Hutchinson_,331,760
Ashanti_,152,402
Ashton_Kutcher_,587,1174
Atal_Bihari_Vajpayee_,1299,1664
Augustin_Calleri_,96,265
Augusto_Pinochet_,149,394
Augusto_Roa_Bastos_,427,932
Aung_San_Suu_Kyi_,241,590
Azra_Akin_,325,746
Barbara_Brezigar_,497,1045
Barbara_Walters_,363,818
Barbra_Streisand_,422,923
Barrett_Jackman_,6,16
Barry_Alvarez_,857,1445
Barry_Zito_,596,1181
Bashar_Assad_,144,382
Begum_Khaleda_Zia_,1306,1666
Ben_Affleck_,322,739
Ben_Curtis_,7,19
Ben_Glisan_,385,859
Ben_Howland_,276,656
Benazir_Bhutto_,147,390
Benjamin_Netanyahu_,549,1124
Bernard_Landry_,349,791
Bernard_Law_,449,967
Bernard_Lord_,357,807
Bernardo_Segura_,120,323
Bertie_Ahern_,304,710
Bertrand_Bonello_,979,1538
Beth_Jones_,522,1080
Betsy_Smith_,617,1210
Bijan_Darvish_,597,1184
Bijan_Namdar_Zangeneh_,8,22
Biljana_Plavsic_,386,862
Bill_Belichick_,148,391
Bill_Callahan_,574,1156
Bill_Clinton_,596,1182
Bill_Frist_,219,546
Bill_Gates_,384,857
Bill_Graham_,1028,1558
Bill_McBride_,667,1271
Bill_Nelson_,137,368
Bill_Parcells_,377,843
Bill_Paxton_,917,1498
Bill_Simon_,125,337
Bill_Sizemore_,86,237
Billy_Crystal_,897,1477
Billy_Graham_,602,1190
Billy_Sollie_,522,1081
Binyamin_Ben-Eliezer_,206,517
Blythe_Danner_,267,638
Blythe_Hartley_,575,1157
Bo_Pelini_,481,1019
Bo_Ryan_,9,25
Bob_Beauprez_,1130,1612
Bob_Colvin_,89,246
Bob_Dole_,884,1464
Bob_Geldof_,777,1369
Bob_Graham_,390,872
Bob_Hope_,638,1236
Bob_Huggins_,438,951
Bob_Stoops_,902,1485
Bobby_Goldwater_,49,141
Bobby_Robson_,1282,1660
Bode_Miller_,503,1053
Bono_,15,43
Boris_Becker_,424,927
Boris_Berezovsky_,199,505
Boris_Yeltsin_,325,747
Brad_Garrett_,653,1258
Brad_Johnson_,231,570
Branko_Crvenkovski_,884,1465
Brendan_Hansen_,57,163
Brian_Cowen_,10,28
Brian_Griese_,126,339
Brian_Heidik_,594,1177
Brian_Mulroney_,154,408
Brian_Wells_,11,32
Bridget_Fonda_,587,1175
Bridgette_Wilson-Sampras_,595,1179
Brigitte_Boisselier_,1056,1577
Britney_Spears_,376,840
Brooke_Shields_,375,838
Bruce_Springsteen_,390,873
Bruce_Van_De_Velde_,329,755
Bruce_Weber_,531,1096
Bud_Selig_,635,1230
Bulent_Ecevit_,196,497
Butch_Davis_,494,1038
Byron_Scott_,402,892
Calista_Flockhart_,75,210
Cameron_Diaz_,2,5
Camilla_Parker_Bowles_,532,1099
Candice_Bergen_,338,772
Candie_Kung_,541,1111
Carl_Reiner_,42,123
Carla_Del_Ponte_,170,446
Carla_Myers_,182,469
Carlo_Ancelotti_,339,775
Carlos_Bianchi_,386,863
Carlos_Ghosn_,631,1226
Carlos_Manuel_Pruneda_,411,905
Carlos_Menem_,547,1120
Carlos_Mesa_,187,479
Carlos_Moya_,121,326
Carlos_Ortega_,160,425
Carlos_Quintanilla_Schmidt_,831,1419
Carlos_Ruiz_,12,34
Carlos_Vives_,71,200
Carly_Fiorina_,350,793
Carmen_Electra_,995,1544
Carol_Burnett_,552,1127
Carol_Moseley_Braun_,62,178
Carolina_Kluft_,695,1296
Carolina_Moraes_,361,812
Caroline_Kennedy_,887,1466
Carolyn_Dawn_Johnson_,374,836
Carrie-Anne_Moss_,713,1315
Carson_Daly_,141,377
Carson_Palmer_,972,1534
Cate_Blanchett_,26,75
Catherine_Deneuve_,449,968
Catherine_Zeta-Jones_,11,33
Cathy_Freeman_,946,1519
Cecilia_Bolocco_,290,682
Celine_Dion_,719,1324
Celso_Amorim_,64,183
Cesar_Gaviria_,173,451
Cesar_Maia_,294,689
Chakib_Khelil_,33,96
Chan_Gailey_,13,37
Chanda_Rubin_,152,403
Chang_Dae-whan_,30,87
Charles_Bronson_,663,1267
Charles_Grassley_,747,1343
Charles_Kartman_,764,1354
Charles_Mathews_,14,40
Charles_Moose_,1105,1603
Charles_Schumer_,362,815
Charles_Taylor_,364,819
Charlie_Zaa_,1188,1636
Charlotte_Rampling_,312,724
Charlton_Heston_,810,1400
Chen_Liang_Yu_,122,328
Chen_Shui-bian_,355,803
Cherie_Blair_,346,786
Chick_Hearn_,800,1384
Chita_Rivera_,484,1023
Choi_Sung-hong_,187,480
Chok_Tong_Goh_,328,754
Chris_Bell_,605,1194
Chris_Byrd_,15,44
Chris_Cooper_,104,283
Chris_Rock_,117,316
Chris_Tucker_,825,1414
Christian_Fittipaldi_,900,1480
Christian_Longo_,473,1004
Christian_Wulff_,379,847
Christina_Aguilera_,257,624
Christine_Baumgartner_,370,828
Christine_Ebersole_,340,777
Christine_Gregoire_,76,212
Christine_Todd_Whitman_,387,866
Christopher_Patten_,540,1110
Christopher_Reeve_,36,104
Christopher_Walken_,517,1072
Chuck_Amato_,599,1187
Chuck_Yeager_,1325,1670
Chung_Mong-hun_,215,537
Chung_Mong-joon_,445,961
Cindy_Crawford_,1044,1569
Cindy_Margolis_,395,882
Ciro_Gomes_,176,456
Claire_Danes_,600,1188
Claire_Hentzen_,610,1201
Claire_Leger_,16,46
Clara_Harris_,827,1417
Clare_Short_,919,1500
Claudia_Pechstein_,729,1332
Claudia_Schiffer_,106,286
Clay_Aiken_,144,383
Clint_Eastwood_,66,189
Colin_Farrell_,206,518
Colin_Jackson_,467,994
Colin_Montgomerie_,341,778
Colin_Powell_,353,797
Conan_OBrien_,417,918
Conchita_Martinez_,556,1133
Condoleezza_Rice_,559,1137
Constance_Marie_,711,1312
Coretta_Scott_King_,899,1478
Corinne_Coman_,314,728
Costas_Simitis_,640,1240
Courtney_Love_,17,49
Cristina_Fernandez_,298,699
Cristina_Saralegui_,180,463
Cruz_Bustamante_,122,329
Cyndi_Thompson_,220,549
Dai_Bachtiar_,524,1084
Daisy_Fuentes_,873,1457
Dalai_Lama_,1008,1550
Dale_Earnhardt_Jr_,209,526
Damon_van_Dam_,88,243
Dan_Morales_,192,491
Dan_Wheldon_,561,1141
Daniel_Day-Lewis_,109,295
Daniel_Radcliffe_,709,1310
Daniela_Hantuchova_,788,1379
Darrell_Issa_,228,565
Darrell_Porter_,1020,1554
Darren_Clarke_,584,1169
Daryl_Hannah_,214,535
Dave_Campo_,251,610
David_Anderson_,112,303
David_Beckham_,86,238
David_Bell_,708,1309
David_Caraway_,131,352
David_Caruso_,28,81
David_Coulthard_,668,1272
David_Dodge_,303,707
David_Heyman_,523,1082
David_Heymann_,373,834
David_Hyde_Pierce_,488,1029
David_Kelley_,414,913
David_Leahy_,721,1326
David_Myers_,18,52
David_Nalbandian_,218,545
David_Spade_,311,721
David_Stern_,768,1358
David_Trimble_,224,557
David_Wells_,697,1299
David_Wolf_,351,794
Dean_Barkley_,233,576
Debbie_Reynolds_,146,388
Debra_Brown_,19,55
Debra_Messing_,48,139
Demetrius_Ferraciu_,289,679
Demi_Moore_,129,346
Denise_Johnson_,410,903
Dennis_Erickson_,145,385
Dennis_Hastert_,1094,1599
Dennis_Kozlowski_,776,1368
Dennis_Kucinich_,149,395
Dennis_Powell_,641,1241
Denzel_Washington_,838,1426
Derek_Jeter_,72,203
Derek_Lowe_,1361,1675
Desiree_Lemosi_,475,1008
Dexter_Jackson_,1083,1594
Diana_Krall_,690,1292
Diana_Munz_,480,1017
Diana_Taurasi_,20,58
Diane_Green_,20,59
Dianne_Feinstein_,575,1158
Dick_Cheney_,848,1436
Dick_Clark_,158,420
Dick_Latessa_,111,300
Dick_Vermeil_,772,1363
Dino_de_Laurentis_,527,1090
Dolly_Parton_,83,229
Dolma_Tsering_,85,234
Dominik_Garcia-Lorido_,395,883
Dominique_de_Villepin_,186,476
Don_Nickles_,195,496
Don_Siegelman_,223,555
Donald_Evans_,380,850
Donald_Fehr_,379,848
Donald_Pettit_,1149,1622
Donald_Rumsfeld_,278,659
Donatella_Versace_,1124,1609
Donna_Shalala_,836,1421
Doris_Roberts_,525,1087
Doris_Schroeder_,463,991
Dorthy_Moxley_,581,1165
Doug_Collins_,13,38
Doug_Duncan_,495,1040
Doug_Melvin_,316,731
Drew_Barrymore_,360,811
Duane_Lee_Chapman_,132,354
Dwayne_Johnson_,371,829
Ed_Rosenthal_,248,603
Ed_Smart_,5,14
Eddie_Sutton_,634,1229
Eddy_Merckx_,265,634
Edie_Falco_,165,435
Edmund_Hillary_,26,76
Edmund_Stoiber_,556,1134
Eduard_Shevardnadze_,189,483
Eduardo_Duhalde_,191,489
Edward_James_Olmos_,232,572
Edward_Kennedy_,150,397
Edward_Lu_,161,427
Edward_Norton_,52,149
Edward_Said_,1030,1559
Edwin_Edwards_,385,860
Edwina_Currie_,135,362
Eileen_Coparropa_,219,547
Elena_Bovina_,470,999
Eliane_Karp_,732,1333
Elijah_Wood_,369,826
Elin_Nordegren_,426,931
Elinor_Caplan_,473,1005
Elisabeth_Schumacher_,21,61
Elizabeth_Dole_,18,53
Elizabeth_Hurley_,266,635
Elizabeth_Shue_,22,65
Elizabeth_Smart_,251,611
Elizabeth_Taylor_,56,160
Ellen_DeGeneres_,167,440
Ellen_Engleman_,515,1070
Elsa_Zylberstein_,215,538
Elton_John_,628,1222
Elvis_Presley_,16,47
Emanuel_Ginobili_,447,964
Emile_Lahoud_,113,305
Emily_Robison_,216,540
Emma_Thompson_,310,719
Emma_Watson_,196,498
Emmanuelle_Beart_,909,1493
Emmit_Smith_,280,663
Enrique_Bolanos_,67,192
Eric_Clapton_,32,93
Eric_Hinske_,727,1330
Eric_Robert_Rudolph_,69,196
Eric_Rosser_,443,960
Erik_Morales_,377,844
Erika_Christensen_,324,743
Erika_Harold_,812,1402
Erin_Runnion_,108,291
Ernesto_Zedillo_,209,527
Ernie_Els_,384,858
Ernie_Eves_,948,1522
Ernie_Fletcher_,596,1183
Ethan_Hawke_,486,1026
Eunice_Barber_,441,958
Eva_Dimas_,871,1456
Evan_Rachel_Wood_,324,744
Evander_Holyfield_,1192,1638
Eve_Pelletier_,931,1508
Fabiola_Zuluaga_,926,1505
Fabrice_Santoro_,319,735
Farouk_al-Sharaa_,493,1036
Faye_Dunaway_,210,528
Fayssal_Mekdad_,1216,1648
Federico_Trillo_,462,989
Felipe_Perez_Roque_,643,1243
Felix_Mantilla_,157,417
Ferenc_Madl_,24,70
Fernando_Gonzalez_,546,1119
Fernando_Henrique_Cardoso_,702,1304
Fernando_Vargas_,789,1380
Fidel_Castro_,184,471
Filippo_Inzaghi_,202,509
Flavia_Delaroli_,390,874
Flor_Montulo_,700,1302
Fran_Drescher_,1078,1591
Frances_Fisher_,212,534
Francis_Ford_Coppola_,275,654
Francis_George_,182,470
Francis_Mer_,457,979
Francisco_Flores_,270,645
Franco_Dragone_,196,499
Frank_Cassell_,636,1233
Frank_Dunham_Jr_,600,1189
Frank_Griswold_,333,762
Frank_Lautenberg_,241,591
Frank_Solich_,499,1047
Frank_Stallone_,836,1422
Franko_Simatovic_,256,621
Franz_Beckenbauer_,25,73
Franz_Fischler_,308,717
Franz_Muentefering_,8,23
Fred_Eckhard_,430,937
Fred_Funk_,465,993
Fred_Thompson_,821,1410
Freddy_Garcia_,687,1289
Fujio_Cho_,658,1263
GL_Peiris_,249,606
Gabriel_Batistuta_,1064,1583
Gabriel_Valdes_,747,1344
Gao_Qiang_,453,973
Garry_Kasparov_,655,1260
Garry_Trudeau_,207,520
Gary_Bergeron_,222,554
Gary_Carter_,60,172
Gary_Doer_,429,936
Gary_Forsee_,524,1085
Gary_Locke_,526,1088
Gary_Williams_,812,1403
Gary_Winnick_,808,1396
Gene_Robinson_,722,1327
Geno_Auriemma_,148,392
Geoff_Hoon_,456,977
George_Brumley_,1047,1570
George_Clooney_,35,101
George_Foreman_,151,400
George_Galloway_,566,1147
George_HW_Bush_,1,2
George_Karl_,297,697
George_Lopez_,227,564
George_P_Bush_,92,254
George_Papandreou_,1257,1655
George_Pataki_,681,1283
George_Robertson_,203,511
George_Roy_Hill_,899,1479
George_Ryan_,90,248
George_Tenet_,798,1383
George_Voinovich_,547,1121
George_W_Bush_,908,1491
Georgi_Parvanov_,388,867
Geraldine_Chaplin_,1213,1645
Gerard_Depardieu_,485,1024
Gerardo_Gambala_,26,77
Gerhard_Schroeder_,264,633
Gerry_Adams_,102,279
Gerry_Parsky_,27,78
Gian_Marco_,132,355
Gianna_Angelopoulos-Daskalaki_,320,738
Gil_de_Ferran_,555,1132
Gilberto_Rodriguez_Orejuela_,843,1431
Gillian_Anderson_,62,179
Gisele_Bundchen_,1040,1565
Giuseppe_Gibilisco_,361,813
Glafcos_Clerides_,10,29
Gloria_Allred_,474,1007
Gloria_Macapagal_Arroyo_,216,541
Gloria_Trevi_,944,1518
Goh_Kun_,74,207
Goldie_Hawn_,186,477
Gonzalo_Sanchez_de_Lozada_,99,271
Goran_Persson_,28,82
Gordon_Brown_,501,1050
Gordon_Campbell_,296,694
Grady_Irvin_Jr_,1059,1581
Grant_Hackett_,1041,1566
Gray_Davis_,650,1252
Greg_Gilbert_,693,1295
Greg_Ostertag_,87,241
Greg_Owen_,854,1444
Greg_Rusedski_,1072,1589
Gregg_Popovich_,825,1415
Gregory_Geoffroy_,562,1143
Gregory_Hines_,1471,1678
Gro_Harlem_Brundtland_,72,204
Guido_Westerwelle_,154,409
Guillaume_Soro_,632,1227
Guillermo_Canas_,894,1473
Guillermo_Coria_,547,1122
Guillermo_Ortiz_,973,1535
Gunter_Pleuger_,952,1523
Gus_Van_Sant_,114,308
Gustavo_Kuerten_,770,1361
Guy_Hemmings_,521,1077
Guy_Ritchie_,287,674
Gwendal_Peizerat_,777,1370
Gwyneth_Paltrow_,63,181
Habib_Rizieq_,371,830
Hal_Gehman_,324,745
Hal_Sutton_,471,1001
Halle_Berry_,526,1089
Hamid_Karzai_,233,577
Hamzah_Haz_,680,1282
Hanan_Ashrawi_,266,636
Hannah_Stockbauer_,905,1489
Hans_Blix_,1091,1597
Hans_Eichel_,13,39
Harbhajan_Singh_,342,780
Harrison_Ford_,179,461
Harry_Belafonte_,430,938
Harry_Kalas_,823,1411
Harry_Schmidt_,198,503
Harvey_Weinstein_,1070,1587
Hashim_Thaci_,602,1191
Hassan_Nasrallah_,607,1197
Hassan_Wirajuda_,93,256
Hayley_Tullett_,29,84
Heath_Ledger_,19,56
Heather_Mills_,60,173
Hector_Babenco_,372,832
Hee-Won_Han_,1294,1661
Heidi_Fleiss_,771,1362
Heidi_Klum_,837,1424
Heinz_Feldmann_,375,839
Heizo_Takenaka_,380,851
Helen_Clark_,416,916
Henrique_Meirelles_,783,1374
Herb_Sendek_,1037,1564
Hermann_Maier_,172,449
Herta_Daeubler-Gmelin_,287,675
Hichiro_Naemura_,184,472
Hideki_Matsui_,111,301
Hilary_Duff_,79,221
Hillary_Clinton_,5,15
Hilmi_Ozkok_,252,613
Hisao_Oguchi_,270,646
Hitomi_Soga_,381,853
Holly_Hunter_,341,779
Hootie_Johnson_,684,1284
Horst_Koehler_,332,761
Hosni_Mubarak_,263,632
Howard_Dean_,246,599
Howard_Schultz_,448,966
Howard_Smith_,122,330
Hu_Jintao_,156,414
Hugh_Grant_,133,356
Hugo_Chavez_,847,1435
Hun_Sen_,533,1100
Iain_Duncan_Smith_,260,630
Ian_McKellen_,247,601
Ian_Thorpe_,108,292
Iban_Mayo_,303,708
Ibrahim_Jaafari_,437,950
Igor_Ivanov_,284,670
Ilan_Ramon_,417,919
Imad_Moustapha_,307,715
Inam-ul-Haq_,58,166
Inocencio_Arias_,764,1355
Intisar_Ajouri_,853,1441
Isabella_Rossellini_,150,398
Isabelle_Huppert_,30,88
Isaiah_Washington_,664,1269
Ishaq_Shahryar_,236,581
Ismail_Merchant_,477,1012
Iva_Majoli_,349,792
JJ_Redick_,462,990
JK_Rowling_,1007,1549
Jack_Grubman_,701,1303
Jack_Nicholson_,890,1471
Jack_Straw_,669,1275
Jackie_Chan_,1058,1580
Jacqueline_Obradors_,447,965
Jacques_Chirac_,165,436
Jacques_Rogge_,706,1306
Jada_Pinkett_Smith_,104,284
Jake_Gyllenhaal_,345,785
James_Blake_,506,1058
James_Butts_,1145,1621
James_Caan_,190,485
James_Cameron_,686,1287
James_Cunningham_,179,462
James_Franco_,142,378
James_Gandolfini_,69,197
James_Ivory_,438,952
James_Jones_,402,893
James_Kelly_,36,105
James_Kopp_,819,1407
James_Maguire_,504,1054
James_McGreevey_,232,573
James_Morris_,712,1314
James_Parker_,849,1438
James_Schultz_,432,942
James_Smith_,31,90
James_Traficant_,237,582
James_Wolfensohn_,585,1171
Jamie_Villafane_,128,345
Jamling_Norgay_,846,1433
Jan-Michael_Gambill_,98,270
Jan_Ullrich_,103,281
Jane_Fonda_,507,1059
Jane_Kaczmarek_,115,311
Jane_Pauley_,32,94
Janet_Napolitano_,889,1469
Janet_Thorpe_,398,886
Janica_Kostelic_,1207,1642
Jason_Alexander_,31,91
Jason_Jennings_,769,1359
Jason_Kidd_,679,1281
Jason_Lezak_,1136,1617
Javier_Solana_,21,62
Javier_Weber_,1190,1637
Jay_Garner_,109,296
Jay_Leno_,416,917
Jay_Rasulo_,1043,1567
Jayson_Williams_,784,1375
Jean-Claude_Braquet_,637,1235
Jean-Claude_Juncker_,206,519
Jean-Claude_Trichet_,175,454
Jean-David_Levitte_,83,230
Jean-Francois_Pontal_,290,683
Jean-Marc_de_La_Sabliere_,614,1205
Jean-Pierre_Raffarin_,95,262
Jean-Sebastien_Giguere_,200,506
Jean_Brumley_,838,1427
Jean_Carnahan_,153,405
Jean_Charest_,492,1034
Jean_Chretien_,657,1262
Jeanne_Moreau_,282,665
Jeb_Bush_,673,1277
Jeff_Van_Gundy_,646,1246
Jefferson_Perez_,1110,1605
Jeffrey_Archer_,296,695
Jeffrey_Immelt_,240,588
Jeffrey_Jones_,793,1381
Jeffrey_Scott_Postell_,1033,1561
Jelena_Dokic_,1141,1619
Jennifer_Aniston_,646,1247
Jennifer_Capriati_,612,1204
Jennifer_Connelly_,294,690
Jennifer_Garner_,673,1278
Jennifer_Keller_,185,474
Jennifer_Lopez_,531,1097
Jennifer_Reilly_,711,1313
Jennifer_Rodriguez_,620,1213
Jennifer_Thompson_,545,1117
Jeong_Se-hyun_,514,1067
Jeremy_Greenstock_,411,906
Jeremy_Shockey_,135,363
Jerry_Falwell_,649,1251
Jerry_Regier_,425,930
Jerry_Springer_,946,1520
Jesse_Harris_,904,1488
Jesse_Jackson_,41,119
Jesse_James_Leija_,1234,1651
Jesse_Ventura_,353,798
Jessica_Alba_,134,359
Jessica_Lange_,399,889
Jessica_Lynch_,12,35
Jia_Qinglin_,376,841
Jiang_Zemin_,1043,1568
Jim_Carrey_,901,1482
Jim_Edmonds_,85,235
Jim_Furyk_,511,1065
Jim_Hahn_,450,969
Jim_Harrick_,107,288
Jim_OBrien_,775,1366
Jim_Tressel_,716,1319
Jimmy_Carter_,247,602
Jimmy_Kimmel_,258,627
Jiri_Novak_,1185,1634
Jo_Dee_Messina_,805,1391
Joan_Claybrook_,569,1152
Joan_Laporta_,901,1483
Job_Cohen_,279,661
Jodie_Foster_,430,939
Joe_Calzaghe_,134,360
Joe_Dumars_,888,1468
Joe_Gatti_,306,713
Joe_Lieberman_,593,1176
Joe_Mantello_,274,651
Joe_Nichols_,354,800
Joe_Torre_,351,795
Joerg_Haider_,379,849
John_Abizaid_,19,57
John_Allen_Muhammad_,1071,1588
John_Ashcroft_,255,619
John_Banko_,299,700
John_Blaney_,188,481
John_Bolton_,329,756
John_Brady_,96,266
John_Cusack_,732,1334
John_Edwards_,107,289
John_F_Kennedy_Jr_,205,515
John_Garamendi_,594,1178
John_Howard_,1100,1600
John_Jumper_,344,783
John_Kerry_,568,1150
John_Malkovich_,34,99
John_Manley_,344,784
John_Mayer_,544,1115
John_McCain_,38,110
John_McCallum_,764,1356
John_McCormack_,362,816
John_McEnroe_,919,1501
John_Negroponte_,691,1294
John_Paul_II_,910,1496
John_Reid_,92,255
John_Reilly_,204,513
John_Rigas_,862,1449
John_Rosa_,158,421
John_Rowland_,120,324
John_Ruiz_,616,1207
John_Snow_,409,902
John_Spencer_,497,1046
John_Stallworth_,116,314
John_Stockton_,659,1265
John_Swofford_,665,1270
John_Taylor_,83,231
John_Timoney_,459,984
John_Travolta_,521,1078
John_Walsh_,190,486
John_Warner_,70,199
John_Wolf_,339,776
Johnny_Carson_,1301,1665
Johnny_Depp_,1229,1650
Johnny_Tapia_,356,805
Johnny_Unitas_,598,1185
Johnson_Panjaitan_,56,161
Jolanta_Kwasniewski_,35,102
Jon_Corzine_,130,349
Jon_Gruden_,439,954
Jon_Voight_,388,868
Jonathan_Edwards_,140,374
Jonathan_Mostow_,51,146
Jong_Thae_Hwa_,820,1409
Jong_Wook_Lee_,553,1129
Jorge_Arce_,836,1423
Jorge_Batlle_,159,423
Jorge_Castaneda_,79,222
Jorge_Rodolfo_Canicoba_Corral_,226,561
Jorge_Valdano_,368,824
Joschka_Fischer_,24,71
Jose_Canseco_,1090,1596
Jose_Dirceu_,361,814
Jose_Manuel_Durao_Barroso_,318,734
Jose_Maria_Aznar_,598,1186
Jose_Mourinho_,933,1509
Jose_Sarney_,354,801
Jose_Serra_,106,287
Jose_Theodore_,602,1192
Jose_Viegas_Filho_,785,1376
Joseph_Biden_,813,1405
Joseph_Blatter_,137,369
Joseph_Deiss_,406,898
Joseph_Estrada_,1082,1593
Joseph_Ralston_,54,155
Juan_Carlos_Ferrero_,156,415
Juan_Ignacio_Chela_,859,1448
Juan_Manuel_Marquez_,495,1041
Juan_Pablo_Montoya_,1035,1562
Juan_Valencia_Osorio_,36,106
Juanes_,819,1408
Jude_Law_,43,125
Judi_Dench_,174,452
Judy_Genshaft_,283,668
Juergen_Peters_,887,1467
Julia_Tymoshenko_,18,54
Julianna_Margulies_,853,1442
Julianne_Moore_,436,947
Julie_Gerberding_,59,169
Julie_Taymor_,542,1113
Julio_Iglesias_Jr_,394,880
Junichiro_Koizumi_,166,438
Justin_Gatlin_,163,431
Justin_Guarini_,624,1218
Justin_Leonard_,54,156
Justin_Timberlake_,29,85
Justine_Henin_,1164,1628
Justine_Pasek_,626,1221
Kalpana_Chawla_,205,516
Kamal_Kharrazi_,502,1052
Karen_Mok_,78,218
Karin_Stoiber_,89,247
Kate_Capshaw_,115,312
Kate_Hudson_,169,443
Kate_Winslet_,336,766
Katherine_Harris_,470,1000
Kathleen_Glynn_,695,1297
Kathleen_Kennedy_Townsend_,584,1170
Kathryn_Bigelow_,119,322
Kathy_Winters_,181,466
Katie_Harman_,34,100
Keanu_Reeves_,629,1223
Keira_Knightley_,46,133
Keith_Bogans_,1084,1595
Kelli_White_,330,758
Kelly_Clarkson_,486,1027
Kelvin_Sampson_,608,1199
Kemal_Dervis_,172,450
Ken_Macha_,37,107
Ken_Watanabe_,133,357
Kenneth_Bowersox_,97,268
Kenneth_Branagh_,47,136
Kenneth_Evans_,386,864
Kent_Rominger_,261,631
Kevin_Costner_,180,464
Kevin_Spacey_,427,933
Kevin_Stallings_,883,1463
Kieran_Prendergast_,100,274
Kifah_Ajouri_,38,111
Kiki_Vandeweghe_,201,507
Kim_Clijsters_,8,24
Kim_Dae-jung_,79,223
Kim_Jin-sun_,586,1172
Kim_Jong-Il_,31,92
Kim_Ryong-sung_,53,152
Kim_Yong-il_,277,657
Kimi_Raikkonen_,309,718
King_Abdullah_II_,505,1055
Kirk_Ferentz_,1330,1671
Kirk_Johnson_,781,1372
Kjell_Magne_Bondevik_,304,711
Klaus_Zwickel_,95,263
Kobe_Bryant_,1199,1640
Kofi_Annan_,645,1245
Kosuke_Kitajima_,607,1198
Kristanna_Loken_,716,1320
Kristen_Breitweiser_,362,817
Kristin_Davis_,158,422
Kurt_Busch_,1534,1679
Kurt_Russell_,398,887
Kurt_Warner_,718,1323
Kwon_Yang-sook_,846,1434
LK_Advani_,561,1142
Laila_Ali_,1048,1572
Lana_Clarkson_,29,86
Lance_Armstrong_,55,158
Lance_Bass_,210,529
Larry_Bowa_,639,1238
Larry_Brown_,1092,1598
Larry_Coker_,17,50
Larry_Ellison_,39,113
Larry_Johnson_,823,1412
Larry_Lindsey_,299,701
Larry_Lucchino_,273,650
Larry_Thompson_,401,890
Lars_Von_Trier_,91,252
Latrell_Sprewell_,450,970
Laura_Bush_,194,494
Laura_Hernandez_,336,767
Laura_Linney_,136,365
Lauren_Hutton_,202,510
Lauren_Killian_,423,925
Laurent_Gbagbo_,1160,1627
Laurent_Jalabert_,500,1049
Lawrence_MacAulay_,475,1009
LeAnn_Rimes_,307,716
LeBron_James_,136,366
Lea_Fastow_,137,370
Leander_Paes_,162,430
Lech_Walesa_,46,134
Lee_Hoi-chang_,186,478
Lee_Jun_,65,186
Lee_Soo-hyuck_,575,1159
Lee_Tae-sik_,84,232
Leland_Chapman_,528,1091
Len_Jenoff_,975,1536
Lennox_Lewis_,94,259
Lenny_Wilkens_,66,190
Leon_LaPorte_,239,586
Leonard_Hamilton_,39,114
Leonardo_DiCaprio_,486,1028
Leonid_Kuchma_,171,448
Lesley_McCulloch_,1062,1582
Leslie_Ann_Woodward_,82,228
Leslie_Caldwell_,1128,1611
Leslie_Moonves_,541,1112
Leszek_Miller_,14,41
Li_Peng_,508,1060
Li_Zhaoxing_,433,945
Liam_Neeson_,402,894
Lili_Taylor_,327,752
Lily_Tomlin_,401,891
Lim_Dong-won_,467,995
Lina_Krasnoroutskaya_,57,164
Lindsay_Benko_,130,350
Lindsay_Davenport_,906,1490
Lindsey_Graham_,93,257
Lino_Oviedo_,1066,1585
Lionel_Richie_,1117,1608
Lisa_Gottsegen_,365,821
Lisa_Ling_,686,1288
Lisa_Marie_Presley_,516,1071
Lisa_Raymond_,293,687
Liu_Mingkang_,566,1148
Liza_Minnelli_,923,1504
Lleyton_Hewitt_,802,1387
Lloyd_Ward_,168,442
Lon_Kruger_,782,1373
Lord_Hutton_,110,297
Lou_Piniella_,440,956
Luciano_Pavarotti_,901,1484
Lucio_Gutierrez_,197,500
Lucy_Liu_,254,616
Ludivine_Sagnier_,453,974
Luis_Ernesto_Derbez_Bautista_,281,664
Luis_Figo_,394,881
Luis_Gonzalez_Macchi_,7,20
Luis_Horna_,250,608
Luiz_Felipe_Scolari_,1424,1677
Luiz_Inacio_Lula_da_Silva_,30,89
Luke_Walton_,257,625
Lyle_Vanclief_,204,514
Lynn_Abraham_,135,364
Lynn_Redgrave_,578,1163
Lynne_Cheney_,1064,1584
Mack_Brown_,184,473
Madeleine_Albright_,237,583
Madonna_,32,95
Magdalena_Maleeva_,903,1486
Maggie_Smith_,67,193
Magui_Serna_,1142,1620
Mahathir_Mohamad_,567,1149
Mahmoud_Abbas_,28,83
Makhdoom_Amin_Fahim_,552,1128
Manfred_Stolpe_,772,1364
Manuel_Poggiali_,817,1406
Marat_Safin_,388,869
Marc-Andre_Fleury_,491,1032
Marc_Grossman_,178,460
Marcelo_Ebrard_,513,1066
Marcelo_Rios_,149,396
Marcelo_Salas_,934,1510
Marco_Antonio_Barrera_,259,628
Marcus_Gronholm_,25,74
Margaret_Thatcher_,221,551
Maria_Luisa_Mendonca_,291,684
Maria_Shriver_,288,677
Maria_Soledad_Alvear_Valenzuela_,330,759
Mariah_Carey_,33,97
Mariana_Pollack_,411,907
Mariangel_Ruiz_Torrealba_,159,424
Marie-Reine_Le_Gougne_,108,293
Marieta_Chrousala_,268,640
Marilyn_Monroe_,357,808
Marina_Anissina_,189,484
Mario_Cipollini_,1195,1639
Mario_Dumont_,862,1450
Mario_Kreutzberger_,40,116
Marisa_Tomei_,160,426
Marissa_Jaret_Winokur_,254,617
Mark_Cuban_,560,1139
Mark_Dacey_,238,585
Mark_Geragos_,40,117
Mark_Gottfried_,371,831
Mark_Hamister_,41,120
Mark_Heller_,104,285
Mark_Hurlbert_,432,943
Mark_Philippoussis_,215,539
Mark_Richt_,839,1428
Mark_Schweiker_,1174,1632
Mark_Wahlberg_,560,1140
Mark_Warner_,955,1527
Markus_Naslund_,42,124
Marlene_Weingartner_,1336,1673
Martha_Beatriz_Roque_,43,126
Martha_Bowen_,977,1537
Martha_Burk_,530,1094
Martha_Lucia_Ramirez_,940,1513
Martha_Stewart_,20,60
Martin_Brodeur_,51,147
Martin_Cauchon_,353,799
Martin_Hoellwarth_,323,741
Martin_McCauley_,562,1144
Martin_McGuinness_,343,782
Martin_Scorsese_,787,1377
Martin_Sheen_,43,127
Martin_Verkerk_,573,1155
Martina_Hingis_,583,1168
Martina_McBride_,922,1503
Marty_Mornhinweg_,152,404
Marwan_Barghouthi_,650,1253
Mary-Kate_Olsen_,658,1264
Mary_Carey_,90,249
Mary_Landrieu_,299,702
Mary_Steenburgen_,234,578
Mary_Tyler_Moore_,537,1106
Masahiko_Nagasawa_,879,1462
Masum_Turker_,648,1249
Mathias_Reichhold_,155,411
Matt_Damon_,244,597
Matt_Dillon_,248,604
Matt_Doherty_,553,1130
Matthew_Broderick_,476,1010
Matthew_Perry_,480,1018
Maureen_Fanning_,95,264
Max_Mayfield_,327,753
Megan_Mullally_,934,1511
Megawati_Sukarnoputri_,232,574
Meghann_Shaughnessy_,670,1276
Mel_Brooks_,398,888
Mel_Gibson_,94,260
Melanie_Griffith_,163,432
Melissa_Etheridge_,44,128
Meryl_Streep_,61,175
Mesut_Yilmaz_,45,131
Mian_Khursheed_Mehmood_Kasuri_,150,399
Michael_Ballack_,863,1452
Michael_Bloomberg_,66,191
Michael_Caine_,615,1206
Michael_Capellas_,800,1385
Michael_Chang_,359,810
Michael_Chiklis_,479,1015
Michael_Douglas_,123,331
Michael_J_Sheehan_,114,309
Michael_Jackson_,3,8
Michael_Jordan_,605,1195
Michael_Keaton_,46,135
Michael_Kostelnik_,121,327
Michael_Leavitt_,684,1285
Michael_Moore_,769,1360
Michael_Patrick_King_,543,1114
Michael_Phelps_,519,1074
Michael_Powell_,491,1033
Michael_Schumacher_,1108,1604
Michael_Sullivan_,203,512
Michael_Winterbottom_,651,1254
Michel_Duclos_,77,215
Michel_Temer_,413,910
Michel_Therrien_,802,1388
Michelle_Branch_,451,971
Michelle_Collins_,620,1214
Michelle_Kwan_,1100,1601
Michelle_Pfeiffer_,473,1006
Michelle_Rodriguez_,47,137
Michelle_Yeoh_,138,371
Mick_Jagger_,1050,1573
Miguel_Contreras_,900,1481
Miguel_Estrada_,895,1475
Mike_Babcock_,129,347
Mike_Brey_,533,1101
Mike_Helton_,356,806
Mike_Holmgren_,48,140
Mike_Krzyzewski_,625,1220
Mike_Martz_,545,1118
Mike_Miller_,49,142
Mike_Montgomery_,74,208
Mike_Myers_,117,317
Mike_Price_,909,1494
Mike_Scioscia_,624,1219
Mike_Tyson_,221,552
Mike_Weir_,655,1261
Mikhail_Gorbachev_,9,26
Mikhail_Kasyanov_,84,233
Mikhail_Wehbe_,505,1056
Mikhail_Youzhny_,1020,1555
Mikulas_Dzurinda_,773,1365
Milo_Djukanovic_,73,206
Milo_Maestrecampo_,50,143
Minnie_Driver_,355,804
Mireya_Moscoso_,239,587
Miroljub_,1023,1557
Mitchell_Daniels_,509,1063
Mitoji_Yabunaka_,51,148
Miyako_Miyazaki_,1081,1592
Mohamed_Benaissa_,145,386
Mohamed_ElBaradei_,1115,1607
Mohammad_Khatami_,646,1248
Mohammed_Al-Douri_,509,1064
Mohammed_Baqir_al-Hakim_,74,209
Monica_Bellucci_,197,501
Monica_Lewinsky_,954,1524
Monica_Seles_,1295,1663
Monique_Garbrecht-Enfeldt_,579,1164
Morgan_Freeman_,908,1492
Moshe_Katsav_,483,1021
Muammar_Gaddafi_,1006,1548
Muhammad_Ali_,849,1439
Muhammad_Saeed_al-Sahhaf_,875,1459
Mukesh_Ambani_,805,1392
Munir_Akram_,1011,1551
Nabil_Shaath_,668,1273
Nadia_Petrova_,787,1378
Nadine_Vinzens_,372,833
Naji_Sabri_,423,926
Nan_Wang_,253,614
Nancy_Demme_,383,855
Nancy_Pelosi_,630,1225
Nancy_Reagan_,319,736
Nancy_Sinatra_,496,1043
Nanni_Moretti_,311,722
Naomi_Campbell_,894,1474
Naomi_Watts_,302,706
Naoto_Kan_,719,1325
Nasser_al-Kidwa_,1134,1614
Nastassia_Kinski_,374,837
Natalie_Cole_,741,1340
Natalie_Coughlin_,706,1307
Natalie_Maines_,1056,1578
Natasha_McElhone_,460,986
Nathalie_Baye_,610,1202
Nathan_Lane_,618,1211
Nebojsa_Pavkovic_,52,150
Nelson_Mandela_,824,1413
Neri_Marcore_,177,458
Nestor_Kirchner_,23,67
Nia_Vardalos_,432,944
Nicanor_Duarte_Frutos_,347,789
Nicholas_Byron_,14,42
Nicholas_Tse_,804,1390
Nick_Nolte_,457,980
Nicolas_Cage_,1051,1574
Nicolas_Escude_,53,153
Nicolas_Lapentti_,1330,1672
Nicole_Kidman_,354,802
Nikki_Reed_,269,642
Noah_Wyle_,505,1057
Noelle_Bush_,231,571
Nora_Bendijo_,1153,1623
Norah_Jones_,337,769
Norm_Coleman_,477,1013
Norman_Jewison_,559,1138
Norodom_Sihanouk_,878,1460
Nursultan_Nazarbayev_,623,1216
OJ_Simpson_,438,953
Oleksandr_Moroz_,140,375
Olesya_Bonabarenko_,145,387
Olivia_Newton-John_,488,1030
Omar_Sharif_,378,845
Oprah_Winfrey_,1202,1641
Orlando_Bloom_,807,1394
Orrin_Hatch_,310,720
Osama_bin_Laden_,306,714
Oscar_De_La_Hoya_,576,1160
Oscar_Elias_Biscet_,284,671
Oswaldo_Paya_,514,1068
Owen_Wilson_,174,453
Oxana_Fedorova_,422,924
Ozzy_Osbourne_,733,1335
Padraig_Harrington_,453,975
Pamela_Anderson_,287,676
Paradorn_Srichaphan_,434,946
Paris_Hilton_,366,822
Parris_Glendening_,256,622
Pascal_Lamy_,76,213
Pascal_Quignard_,243,595
Pat_Burns_,440,957
Pat_Cox_,942,1515
Patrice_Chereau_,424,928
Patricia_Clarkson_,234,579
Patricia_Heaton_,289,680
Patrick_Ewing_,755,1349
Patrick_Leahy_,53,154
Patrick_McEnroe_,45,132
Patrick_Roy_,698,1300
Patrick_Stewart_,762,1352
Patti_Labelle_,710,1311
Patty_Schnyder_,765,1357
Paul-Henri_Mathieu_,164,434
Paul_Bremer_,706,1308
Paul_Burrell_,1273,1658
Paul_Byrd_,1005,1546
Paul_Coppin_,639,1239
Paul_Gascoigne_,1211,1643
Paul_Hogan_,695,1298
Paul_Kagame_,1213,1646
Paul_Martin_,130,351
Paul_McCartney_,317,733
Paul_McNulty_,59,170
Paul_ONeill_,439,955
Paul_Patton_,311,723
Paul_Pierce_,741,1341
Paul_Sarbanes_,71,201
Paul_Shanley_,157,418
Paul_Tagliabue_,378,846
Paul_Wellstone_,406,899
Paul_William_Hurley_,1077,1590
Paul_Wolfowitz_,271,647
Paula_Radcliffe_,127,341
Paula_Zahn_,635,1231
Paulo_Cesar_Pinheiro_,99,272
Pedro_Almodovar_,452,972
Pedro_Malan_,54,157
Pedro_Solbes_,3,9
Penelope_Ann_Miller_,941,1514
Penelope_Cruz_,259,629
Pervez_Musharraf_,207,521
Pete_Carroll_,225,559
Pete_Rose_,300,703
Pete_Sampras_,335,764
Peter_Arnett_,94,261
Peter_Bacanovic_,272,648
Peter_Costello_,123,332
Peter_Greenaway_,533,1102
Peter_Harrison_,267,639
Peter_Hillary_,380,852
Peter_Struck_,142,379
Petria_Thomas_,250,609
Petro_Symonenko_,642,1242
Phan_Van_Khai_,229,568
Phil_Gramm_,1261,1657
Phil_Mickelson_,947,1521
Phil_Vassar_,15,45
Philippe_Noiret_,735,1337
Pierce_Brosnan_,967,1532
Pierre_Boulanger_,389,870
Pierre_Pettigrew_,461,987
Placido_Domingo_,959,1528
Prince_Charles_,676,1279
Prince_Claus_,102,280
Prince_Edward_,111,302
Prince_Harry_,220,550
Prince_Naruhito_,428,935
Prince_Willem-Alexander_,161,428
Prince_William_,1,3
Princess_Aiko_,78,219
Princess_Anne_,750,1346
Princess_Caroline_,1311,1669
Princess_Elisabeth_,55,159
Princess_Masako_,80,224
Priscilla_Owen_,427,934
Priscilla_Presley_,334,763
Pupi_Avati_,7,21
Queen_Beatrix_,23,68
Queen_Elizabeth_II_,237,584
Queen_Latifah_,812,1404
Queen_Rania_,144,384
Rachel_Griffiths_,873,1458
Rachel_Hunter_,810,1401
Rafael_Ramirez_,461,988
Raghad_Saddam_Hussein_,616,1208
Rainer_Schuettler_,181,467
Ralf_Schumacher_,1170,1631
Ralph_Firman_,90,250
Ralph_Klein_,391,875
Ralph_Lauren_,115,313
Ranil_Wickremasinghe_,828,1418
Raoul_Ruiz_,734,1336
Raquel_Welch_,326,749
Ray_Allen_,285,672
Ray_Nagin_,479,1016
Ray_Romano_,760,1351
Raymond_Odierno_,809,1397
Rebecca_Romijn-Stamos_,4,11
Rebekah_Chantay_Revels_,157,419
Recep_Tayyip_Erdogan_,6,17
Reese_Witherspoon_,9,27
Reggie_Miller_,644,1244
Renee_Zellweger_,27,79
Ricardo_Lagos_,210,530
Ricardo_Lopez_Murphy_,81,226
Ricardo_Maduro_,717,1322
Ricardo_Monasterio_,50,144
Ricardo_Sanchez_,806,1393
Rich_Gannon_,214,536
Richard_Armitage_,39,115
Richard_Branson_,56,162
Richard_Butler_,520,1076
Richard_Crenna_,21,63
Richard_Gephardt_,148,393
Richard_Gere_,393,878
Richard_Haass_,197,502
Richard_Krajicek_,133,358
Richard_Myers_,325,748
Richard_Norton-Taylor_,285,673
Richard_Sambrook_,35,103
Richard_Shelby_,551,1126
Richard_Virenque_,775,1367
Richie_Adubato_,381,854
Rick_Barnes_,41,121
Rick_Carlisle_,420,922
Rick_Dinse_,735,1338
Rick_Perry_,254,618
Rick_Pitino_,623,1217
Rick_Romley_,143,381
Rick_Santorum_,153,406
Rick_Stansbury_,338,773
Rick_Wagoner_,52,151
Ricky_Barnes_,44,129
Ricky_Martin_,501,1051
Ricky_Ponting_,684,1286
Rio_Ferdinand_,99,273
Rita_Grande_,554,1131
Rita_Moreno_,611,1203
Rita_Wilson_,188,482
Rob_Lowe_,994,1543
Rob_Marshall_,529,1093
Rob_Schneider_,177,459
Robbie_Fowler_,1005,1547
Robbie_Williams_,305,712
Robby_Ginepri_,242,592
Robert_Blackwill_,127,342
Robert_Blake_,129,348
Robert_Bonner_,468,997
Robert_Bullock_,404,896
Robert_DeFraites_,557,1135
Robert_De_Niro_,1158,1625
Robert_Duvall_,154,410
Robert_Ehrlich_,139,373
Robert_Evans_,586,1173
Robert_Fico_,389,871
Robert_Horan_,198,504
Robert_Kocharian_,170,447
Robert_Mueller_,373,835
Robert_Mugabe_,230,569
Robert_Redford_,892,1472
Robert_Stack_,57,165
Robert_Torricelli_,81,227
Robert_Witt_,777,1371
Robert_Zoellick_,482,1020
Roberto_Benigni_,58,167
Roberto_Carlos_,235,580
Roberto_Marinho_,58,168
Robin_Cook_,228,566
Robin_McLaurin_Williams_,6,18
Robinson_Stevenin_,456,978
Rod_Blagojevich_,337,770
Rod_Stewart_,826,1416
Rodrigo_Borja_,648,1250
Roger_Clemens_,1222,1649
Roger_Federer_,326,750
Roger_Moore_,809,1398
Rogerio_Romero_,457,981
Roh_Moo-hyun_,37,108
Rolandas_Paksas_,1258,1656
Rolf_Eckrodt_,77,216
Roman_Polanski_,16,48
Romano_Prodi_,80,225
Ron_Dittemore_,744,1342
Ron_Howard_,714,1316
Ronald_Reagan_,12,36
Ronaldo_Luis_Nazario_de_Lima_,348,790
Roseanne_Barr_,728,1331
Rosemarie_Stack_,913,1497
Roy_Jones_Jr_,275,655
Roy_Moore_,636,1234
Roy_Williams_,616,1209
Ruben_Studdard_,1030,1560
Rubens_Barrichello_,336,768
Rudolph_Giuliani_,391,876
Rupert_Grint_,10,30
Rupert_Murdoch_,312,725
Russell_Coutts_,635,1232
Russell_Crowe_,155,412
Russell_Simmons_,243,596
Ruth_Dreifuss_,754,1348
Ruth_Harlow_,59,171
S_Jayakumar_,749,1345
Saburo_Kawabuchi_,385,861
Sachiko_Yamada_,326,751
Saddam_Hussein_,762,1353
Sadie_Frost_,61,176
Saeb_Erekat_,521,1079
Sally_Field_,110,298
Sally_Kirkland_,896,1476
Sally_Ride_,295,692
Salma_Hayek_,715,1317
Salman_Rushdie_,412,908
Sam_Bith_,22,66
Sam_Mendes_,251,612
Sam_Torrance_,848,1437
Samira_Makhmalbaf_,866,1453
Sammy_Sosa_,100,275
Samuel_Waksal_,211,532
Sandra_Bullock_,40,118
Saparmurat_Niyazov_,396,884
Sarah_Hughes_,528,1092
Sarah_Jessica_Parker_,292,686
Sarah_Michelle_Gellar_,192,492
Scott_McClellan_,134,361
Scott_McNealy_,118,321
Scott_Peterson_,156,416
Scott_Ritter_,278,660
Scott_Rudin_,1185,1635
Scott_Sullivan_,314,729
Scott_Wolf_,96,267
Sean_Astin_,653,1259
Sean_Hayes_,485,1025
Sean_OKeefe_,1022,1556
Sean_Patrick_OMalley_,678,1280
Sean_Penn_,27,80
Sebastian_Saja_,269,643
Sebastien_Grosjean_,1307,1667
Sepp_Blatter_,136,367
Serena_Williams_,123,333
Sergei_Ivanov_,393,879
Sergey_Lavrov_,346,787
Sergio_Garcia_,185,475
Sergio_Vieira_De_Mello_,476,1011
Shane_Mosley_,91,253
Shane_Warne_,75,211
Shannon_OBrien_,629,1224
Sharon_Davis_,352,796
Sharon_Frey_,638,1237
Sharon_Osbourne_,997,1545
Sharon_Stone_,1130,1613
Shaukat_Aziz_,493,1037
Shaul_Mofaz_,414,914
Sheila_Copps_,181,468
Sheila_Fraser_,60,174
Sheila_Wellstone_,1179,1633
Sheryl_Crow_,279,662
Shia_LaBeouf_,153,407
Shimon_Peres_,417,920
Sila_Calderon_,246,600
Silvan_Shalom_,458,982
Silvia_Farina_Elia_,217,544
Silvio_Berlusconi_,663,1268
Silvio_Fernandez_,1127,1610
Simon_Cowell_,151,401
Slobodan_Milosevic_,291,685
Sonia_Gandhi_,868,1454
Sophia_Loren_,2,6
Sourav_Ganguly_,413,911
Spencer_Abraham_,274,652
Stacy_Dragila_,78,220
Stan_Heath_,445,962
Stanley_McChrystal_,499,1048
Stanley_Tong_,282,666
Stefano_Accorsi_,492,1035
Steffi_Graf_,431,941
Stellan_Skarsgard_,535,1104
Stephen_Ambrose_,50,145
Stephen_Daldry_,61,177
Stephen_Friedman_,77,217
Steve_Backley_,392,877
Steve_Ballmer_,71,202
Steve_Lavin_,125,338
Steve_Mariucci_,1310,1668
Steve_Nash_,960,1529
Steve_Park_,346,788
Steve_Spurrier_,454,976
Steve_Waugh_,165,437
Steven_Hatfill_,112,304
Steven_Seagal_,100,276
Steven_Spielberg_,201,508
Stockard_Channing_,337,771
Strom_Thurmond_,335,765
Sue_Wicks_,180,465
Surakait_Sathirathai_,166,439
Susan_Collins_,870,1455
Susan_Sarandon_,131,353
Susie_Castillo_,535,1105
Susilo_Bambang_Yudhoyono_,1016,1552
Suzanne_Gaudet_,314,730
Svetlana_Koroleva_,169,444
Sylvester_Stallone_,652,1257
Taha_Yassin_Ramadan_,1159,1626
Takashi_Sorimachi_,62,180
Tamara_Brooks_,534,1103
Tammy_Lynn_Michaels_,508,1061
Tang_Jiaxuan_,458,983
Tariq_Aziz_,926,1506
Tassos_Papadopoulos_,795,1382
Taufik_Hidayat_,63,182
Ted_Maher_,715,1318
Terje_Roed-Larsen_,595,1180
Terrell_Suggs_,436,948
Terry_McAuliffe_,544,1116
Terry_Stotts_,496,1044
Thabo_Mbeki_,1114,1606
Thaksin_Shinawatra_,288,678
Theo_Epstein_,1169,1630
Theodore_Tweed_Roosevelt_,483,1022
Theresa_May_,405,897
Thierry_Falise_,297,698
Thomas_Birmingham_,565,1145
Thomas_Bjorn_,857,1446
Thomas_Fargo_,964,1530
Thomas_Malchow_,917,1499
Thomas_OBrien_,17,51
Thomas_Rupprath_,226,562
Thomas_Wyman_,844,1432
Tiger_Woods_,837,1425
Tim_Allen_,44,130
Tim_Chapman_,1255,1654
Tim_Conway_,436,949
Tim_Curry_,530,1095
Tim_Duncan_,193,493
Tim_Floyd_,609,1200
Tim_Henman_,76,214
Tim_Robbins_,101,277
Tippi_Hedren_,289,681
Todd_Haynes_,809,1399
Tom_Brady_,467,996
Tom_Coverdale_,1047,1571
Tom_Craddick_,1137,1618
Tom_Crean_,47,138
Tom_Cruise_,688,1290
Tom_Daschle_,4,12
Tom_Glavine_,85,236
Tom_Hanks_,1251,1653
Tom_Harkin_,690,1293
Tom_Jones_,943,1517
Tom_Reilly_,1294,1662
Tom_Ridge_,87,242
Tom_Watson_,582,1166
Tommy_Franks_,831,1420
Tommy_Haas_,523,1083
Tommy_Robredo_,410,904
Tommy_Thompson_,140,376
Tomoko_Hagiwara_,249,607
Toni_Braxton_,418,921
Tony_Bennett_,242,593
Tony_Blair_,1101,1602
Tony_Curtis_,414,915
Tony_Parker_,301,705
Tony_Shalhoub_,38,112
Tony_Stewart_,146,389
Torri_Edwards_,1057,1579
Toshihiko_Fukui_,101,278
Tracee_Ellis_Ross_,909,1495
Tracy_McGrady_,93,258
Trent_Lott_,367,823
Tsutomu_Takebe_,632,1228
Tubby_Smith_,968,1533
Tung_Chee-hwa_,176,457
Tyler_Hamilton_,986,1540
Tyra_Banks_,303,709
Tyron_Garner_,190,487
Uma_Thurman_,903,1487
Vaclav_Havel_,191,490
Vaclav_Klaus_,161,429
Valdas_Adamkus_,407,901
Valentino_Rossi_,269,644
Valerie_Harper_,64,184
Valery_Giscard_dEstaing_,412,909
Vanessa_Incontrada_,107,290
Vanessa_Redgrave_,124,335
Vanessa_Williams_,37,109
Venus_Williams_,207,522
Vicente_Fernandez_,1167,1629
Vicente_Fox_,323,742
Vicki_Zhao_Wei_,705,1305
Victoria_Beckham_,463,992
Victoria_Clarke_,103,282
Vidar_Helgesen_,577,1162
Vin_Diesel_,175,455
Vince_Carter_,442,959
Vince_Gill_,277,658
Vincent_Brooks_,1279,1659
Vincent_Gallo_,113,306
Vitali_Klitschko_,88,244
Vivica_Fox_,517,1073
Vladimir_Putin_,316,732
Vladimir_Spidla_,142,380
Vladimir_Voltchkov_,698,1301
Vladimiro_Montesinos_,803,1389
Vojislav_Kostunica_,1212,1644
Walter_Mondale_,64,185
Wang_Yi_,539,1109
Wang_Yingfan_,88,245
Warren_Beatty_,268,641
Warren_Buffett_,413,912
Wayne_Ferreira_,519,1075
Wayne_Gretzky_,329,757
Wen_Jiabao_,126,340
Wesley_Clark_,65,187
Will_Smith_,758,1350
William_Bratton_,494,1039
William_Bulger_,619,1212
William_Burns_,1155,1624
William_Donaldson_,65,188
William_Ford_Jr_,549,1125
William_Hochul_,1051,1575
William_Macy_,127,343
William_Martin_,726,1329
William_Rehnquist_,851,1440
Win_Aung_,208,524
Winona_Ryder_,364,820
Wolfgang_Schuessel_,169,445
Woody_Allen_,954,1525
Wu_Yi_,86,239
Xanana_Gusmao_,472,1003
Xavier_Malisse_,242,594
Yann_Martel_,110,299
Yao_Ming_,568,1151
Yasar_Yakis_,216,542
Yashwant_Sinha_,283,669
Yasser_Arafat_,224,558
Yevgeny_Kafelnikov_,1356,1674
Yoko_Ono_,253,615
Yoriko_Kawaguchi_,117,318
Yossi_Beilin_,1019,1553
Yu_Shyi-kun_,368,825
Yukiko_Okudo_,155,413
Yuri_Fedotov_,124,336
Yuri_Malenchenko_,114,310
Zafarullah_Khan_Jamali_,313,727
Zarai_Toledo_,582,1167
Zhang_Wenkang_,113,307
Zhang_Ziyi_,194,495
Zhu_Rongji_,116,315
Zico_,557,1136
Zinedine_Zidane_,565,1146
Zoran_Djindjic_,383,856
