Name,Scores,Sift Ranks
,,,
,,,
Aaron_Peirsol_,102180,286
Aaron_Sorkin_,140062,1262
Abdel_Nasser_Assidi_,0,1
Abdoulaye_Wade_,137938,1211
Abdullah_,135804,1157
Abdullah_Gul_,132231,1061
Abdullah_al-Attiyah_,146625,1388
Abdullatif_Sener_,144454,1354
Abel_Pacheco_,150593,1449
Abid_Hamid_Mahmud_Al-Tikriti_,141695,1297
Adam_Sandler_,172167,1639
Adam_Scott_,120203,706
Adel_Al-Jubeir_,112689,516
Adolfo_Aguilar_Zinser_,151305,1462
Adolfo_Rodriguez_Saa_,145533,1368
Adrian_McPherson_,161603,1578
Adrian_Nastase_,115492,577
Adrien_Brody_,140576,1272
Ahmad_Masood_,154253,1501
Ahmed_Chalabi_,154869,1513
Ahmet_Necdet_Sezer_,142541,1316
Ai_Sugiyama_,115978,593
Aicha_El_Ouafi_,120328,709
Aitor_Gonzalez_,131254,1024
Akbar_Hashemi_Rafsanjani_,112679,514
Akhmed_Zakayev_,129097,960
Al_Davis_,95249,187
Al_Gore_,137722,1205
Al_Pacino_,129011,958
Al_Sharpton_,154262,1503
Alan_Ball_,133353,1082
Alan_Greenspan_,157181,1544
Alan_Mulally_,110187,456
Alastair_Campbell_,112275,501
Albert_Costa_,119632,684
Alberto_Fujimori_,118263,653
Alberto_Ruiz_Gallardon_,169389,1628
Albrecht_Mentz_,115846,587
Aldo_Paredes_,121598,750
Alec_Baldwin_,136331,1177
Alejandro_Atchugarry_,0,2
Alejandro_Avila_,90075,137
Alejandro_Toledo_,97296,213
Aleksander_Kwasniewski_,132113,1057
Alex_Barros_,123071,798
Alex_Penelas_,78076,87
Alex_Sink_,94698.5,179
Alexander_Downer_,127239,903
Alexander_Losyukov_,141145,1285
Alexander_Rumyantsev_,143627,1336
Alexandra_Stevenson_,120096,699
Alexandra_Vodjanikova_,91406,150
Ali_Abbas_,137143,1196
Ali_Khamenei_,139444,1245
Ali_Naimi_,99360.3,237
Alice_Fisher_,122883,795
Alicia_Silverstone_,142113,1307
Alimzhan_Tokhtakhounov_,133598,1093
Alison_Lohman_,133876,1101
Allen_Iverson_,86729.3,115
Allison_Janney_,108501,409
Allyson_Felix_,122503,785
Alvaro_Noboa_,0,3
Alvaro_Silva_Calderon_,0,4
Alvaro_Uribe_,110848,466
Amanda_Beard_,101349,268
Amanda_Bynes_,132112,1056
Amanda_Coetzer_,165650,1605
Amber_Tamblyn_,136029,1166
Amelia_Vega_,121162,736
Amelie_Mauresmo_,139945,1256
Amer_al-Saadi_,105906,358
Amram_Mitzna_,108495,408
Ana_Guevara_,97028.6,209
Anastasia_Myskina_,96405,196
Anders_Ebbeson_,125620,866
Anders_Fogh_Rasmussen_,165771,1607
Andre_Agassi_,103630,314
Andrei_Mikhnevich_,90330.5,141
Andrew_Bunner_,88398,125
Andrew_Cuomo_,150991,1458
Andrew_Niccol_,112297,502
Andrew_Weissmann_,124472,833
Andy_Hebb_,119964,695
Andy_Roddick_,125363,861
Angela_Bassett_,0,5
Angela_Lansbury_,173338,1644
Angela_Merkel_,130827,1011
Angelina_Jolie_,109315,431
Angelo_Reyes_,117038,620
Anibal_Ibarra_,150338,1445
Ann_Veneman_,121183,740
Anna_Kournikova_,141254,1288
Anna_Nicole_Smith_,114651,558
Anne_Krueger_,114323,544
Anne_McLellan_,111533,484
Anneli_Jaatteenmaki_,124983,849
Annette_Bening_,163005,1592
Annette_Lu_,141380,1290
Anthony_Fauci_,114568,555
Anthony_Hopkins_,153145,1490
Anthony_LaPaglia_,180496,1659
Antonio_Banderas_,126259,885
Antonio_Palocci_,119587,682
Antonio_Trillanes_,124168,823
Antony_Leung_,95319.5,189
Anwar_Ibrahim_,83133,99
Arantxa_Sanchez-Vicario_,99977,254
Ari_Fleischer_,136477,1180
Arianna_Huffington_,105799,354
Ariel_Sharon_,135039,1138
Arlen_Specter_,125330,859
Arminio_Fraga_,140911,1283
Arnaud_Clement_,108334,404
Arnold_Palmer_,129809,977
Arnold_Schwarzenegger_,134993,1137
Arnoldo_Aleman_,105880,357
Aron_Ralston_,97360.5,214
Arsinee_Khanjian_,115943,591
Art_Hoffmann_,108522,411
Art_Howe_,117803,643
Arturo_Gatti_,78050.7,86
Arye_Mekel_,150013,1440
Asa_Hutchinson_,81194,95
Ashanti_,92402,158
Ashton_Kutcher_,143985,1345
Atal_Bihari_Vajpayee_,143756,1340
Augustin_Calleri_,141983,1305
Augusto_Pinochet_,84503,103
Augusto_Roa_Bastos_,121683,752
Aung_San_Suu_Kyi_,129502,969
Azra_Akin_,109785,443
Barbara_Brezigar_,112685,515
Barbara_Walters_,115017,567
Barbra_Streisand_,164804,1601
Barrett_Jackman_,143487,1335
Barry_Alvarez_,113835,533
Barry_Zito_,151796,1466
Bashar_Assad_,155280,1518
Begum_Khaleda_Zia_,102197,287
Ben_Affleck_,94464,175
Ben_Curtis_,120071,698
Ben_Glisan_,198309,1675
Ben_Howland_,99248.6,236
Benazir_Bhutto_,152189,1471
Benjamin_Netanyahu_,129310,962
Bernard_Landry_,120880,728
Bernard_Law_,104172,322
Bernard_Lord_,90958,147
Bernardo_Segura_,119133,673
Bertie_Ahern_,107506,385
Bertrand_Bonello_,156483,1538
Beth_Jones_,59192,66
Betsy_Smith_,0,6
Bijan_Darvish_,138124,1215
Bijan_Namdar_Zangeneh_,118998,668
Biljana_Plavsic_,104986,340
Bill_Belichick_,0,7
Bill_Callahan_,99948,253
Bill_Clinton_,107335,383
Bill_Frist_,105365,344
Bill_Gates_,94935,184
Bill_Graham_,102318,290
Bill_McBride_,127354,909
Bill_Nelson_,159284,1562
Bill_Parcells_,111466,483
Bill_Paxton_,140088,1263
Bill_Simon_,123576,810
Bill_Sizemore_,131662,1038
Billy_Crystal_,146856,1392
Billy_Graham_,126882,897
Billy_Sollie_,132164,1059
Binyamin_Ben-Eliezer_,96544,198
Blythe_Danner_,126149,883
Blythe_Hartley_,122416,780
Bo_Pelini_,118406,658
Bo_Ryan_,142243,1312
Bob_Beauprez_,172545,1641
Bob_Colvin_,102617,297
Bob_Dole_,133282,1081
Bob_Geldof_,169640,1630
Bob_Graham_,128538,942
Bob_Hope_,131311,1027
Bob_Huggins_,109171,426
Bob_Stoops_,109595,437
Bobby_Goldwater_,139762,1253
Bobby_Robson_,109368,433
Bode_Miller_,111209,477
Bono_,104294,325
Boris_Becker_,119626,683
Boris_Berezovsky_,152713,1482
Boris_Yeltsin_,121837,757
Brad_Garrett_,137568,1202
Brad_Johnson_,97105,211
Branko_Crvenkovski_,100609,259
Brendan_Hansen_,117051,622
Brian_Cowen_,139611,1248
Brian_Griese_,121732,754
Brian_Heidik_,139522,1247
Brian_Mulroney_,134480,1115
Brian_Wells_,0,8
Bridget_Fonda_,109168,425
Bridgette_Wilson-Sampras_,146204,1379
Brigitte_Boisselier_,121295,744
Britney_Spears_,155427,1521
Brooke_Shields_,160829,1574
Bruce_Springsteen_,127128,902
Bruce_Van_De_Velde_,98180.3,223
Bruce_Weber_,150906,1454
Bud_Selig_,120750,724
Bulent_Ecevit_,112756,517
Butch_Davis_,102170,285
Byron_Scott_,125991,873
Calista_Flockhart_,122734,789
Cameron_Diaz_,99485.5,240
Camilla_Parker_Bowles_,126036,876
Candice_Bergen_,108011,396
Candie_Kung_,136147,1172
Carl_Reiner_,128709,951
Carla_Del_Ponte_,135663,1151
Carla_Myers_,179028,1653
Carlo_Ancelotti_,134430,1114
Carlos_Bianchi_,109790,444
Carlos_Ghosn_,168031,1621
Carlos_Manuel_Pruneda_,128391,936
Carlos_Menem_,94260,172
Carlos_Mesa_,0,9
Carlos_Moya_,100988,262
Carlos_Ortega_,103199,307
Carlos_Quintanilla_Schmidt_,124718,839
Carlos_Ruiz_,145274,1365
Carlos_Vives_,141433,1292
Carly_Fiorina_,121863,759
Carmen_Electra_,119646,685
Carol_Burnett_,162982,1591
Carol_Moseley_Braun_,103241,308
Carolina_Kluft_,125296,858
Carolina_Moraes_,124298,825
Caroline_Kennedy_,157892,1553
Carolyn_Dawn_Johnson_,142476,1315
Carrie-Anne_Moss_,169629,1629
Carson_Daly_,121148,735
Carson_Palmer_,166429,1611
Cate_Blanchett_,138697,1230
Catherine_Deneuve_,99533.5,242
Catherine_Zeta-Jones_,107327,382
Cathy_Freeman_,129863,978
Cecilia_Bolocco_,152611,1481
Celine_Dion_,147951,1410
Celso_Amorim_,142641,1318
Cesar_Gaviria_,134158,1111
Cesar_Maia_,144779,1357
Chakib_Khelil_,129928,980
Chan_Gailey_,115586,578
Chanda_Rubin_,132104,1055
Chang_Dae-whan_,153111,1489
Charles_Bronson_,119567,681
Charles_Grassley_,83331,101
Charles_Kartman_,0,10
Charles_Mathews_,123489,804
Charles_Moose_,129521,970
Charles_Schumer_,145743,1372
Charles_Taylor_,88983,127
Charlie_Zaa_,80965,94
Charlotte_Rampling_,117050,621
Charlton_Heston_,121611,751
Chen_Liang_Yu_,162386,1585
Chen_Shui-bian_,115654,580
Cherie_Blair_,106012,360
Chick_Hearn_,153453,1494
Chita_Rivera_,121397,747
Choi_Sung-hong_,136826,1187
Chok_Tong_Goh_,158476,1557
Chris_Bell_,94839.3,181
Chris_Byrd_,80274,92
Chris_Cooper_,128339,934
Chris_Rock_,130005,982
Chris_Tucker_,150451,1447
Christian_Fittipaldi_,154615,1507
Christian_Longo_,112238,500
Christian_Wulff_,128968,957
Christina_Aguilera_,109938,449
Christine_Baumgartner_,126374,889
Christine_Ebersole_,159488,1565
Christine_Gregoire_,94421.7,173
Christine_Todd_Whitman_,110635,463
Christopher_Patten_,107515,386
Christopher_Reeve_,108222,398
Christopher_Walken_,120453,713
Chuck_Amato_,96425.5,197
Chuck_Yeager_,143077,1329
Chung_Mong-hun_,87456,120
Chung_Mong-joon_,102051,283
Cindy_Crawford_,150374,1446
Cindy_Margolis_,137628,1203
Ciro_Gomes_,127996,924
Claire_Danes_,106999,375
Claire_Hentzen_,0,11
Claire_Leger_,122179,770
Clara_Harris_,104620,333
Clare_Short_,95807.3,193
Claudia_Pechstein_,163887,1599
Claudia_Schiffer_,130679,1005
Clay_Aiken_,120929,730
Clint_Eastwood_,70015,74
Colin_Farrell_,104583,330
Colin_Jackson_,92421,159
Colin_Montgomerie_,120125,700
Colin_Powell_,110991,468
Conan_OBrien_,147221,1399
Conchita_Martinez_,110731,465
Condoleezza_Rice_,135433,1145
Constance_Marie_,160462,1573
Coretta_Scott_King_,101056,264
Corinne_Coman_,146893,1393
Costas_Simitis_,132978,1076
Courtney_Love_,98004,221
Cristina_Fernandez_,114278,541
Cristina_Saralegui_,106722,372
Cruz_Bustamante_,112835,520
Cyndi_Thompson_,118928,666
Dai_Bachtiar_,117993,648
Daisy_Fuentes_,120659,721
Dalai_Lama_,98577,228
Dale_Earnhardt_Jr_,111450,482
Damon_van_Dam_,111979,494
Dan_Morales_,117250,628
Dan_Wheldon_,94828.5,180
Daniel_Day-Lewis_,108714,417
Daniel_Radcliffe_,146574,1387
Daniela_Hantuchova_,106925,374
Darrell_Issa_,127763,920
Darrell_Porter_,130320,995
Darren_Clarke_,133150,1080
Daryl_Hannah_,119952,694
Dave_Campo_,99852,249
David_Anderson_,61449,69
David_Beckham_,134915,1136
David_Bell_,111542,485
David_Caraway_,110252,457
David_Caruso_,131048,1019
David_Coulthard_,77475.5,85
David_Dodge_,131369,1028
David_Heyman_,140727,1276
David_Heymann_,162010,1582
David_Hyde_Pierce_,144401,1352
David_Kelley_,122467,782
David_Leahy_,188484,1669
David_Myers_,114557,554
David_Nalbandian_,127532,914
David_Spade_,122328,776
David_Stern_,117620,637
David_Trimble_,171054,1634
David_Wells_,97435.3,216
David_Wolf_,163532,1596
Dean_Barkley_,130911,1014
Debbie_Reynolds_,142691,1324
Debra_Brown_,142685,1323
Debra_Messing_,140509,1271
Demetrius_Ferraciu_,87773.5,122
Demi_Moore_,134662,1124
Denise_Johnson_,124481,834
Dennis_Erickson_,108533,412
Dennis_Hastert_,133799,1098
Dennis_Kozlowski_,154028,1498
Dennis_Kucinich_,129794,975
Dennis_Powell_,131828,1044
Denzel_Washington_,108658,415
Derek_Jeter_,138595,1228
Derek_Lowe_,136555,1184
Desiree_Lemosi_,159866,1567
Dexter_Jackson_,0,12
Diana_Krall_,202334,1676
Diana_Munz_,94533,176
Diana_Taurasi_,126044,877
Diane_Green_,109299,430
Dianne_Feinstein_,113527,528
Dick_Cheney_,146461,1385
Dick_Clark_,122765,791
Dick_Latessa_,150972,1456
Dick_Vermeil_,101102,265
Dino_de_Laurentis_,121297,745
Dolly_Parton_,104885,337
Dolma_Tsering_,154812,1512
Dominik_Garcia-Lorido_,114124,536
Dominique_de_Villepin_,136233,1175
Don_Nickles_,137414,1199
Don_Siegelman_,154334,1504
Donald_Evans_,144980,1360
Donald_Fehr_,102459,293
Donald_Pettit_,99156,234
Donald_Rumsfeld_,94564.4,177
Donatella_Versace_,114614,556
Donna_Shalala_,114320,543
Doris_Roberts_,121284,743
Doris_Schroeder_,155727,1525
Dorthy_Moxley_,116217,598
Doug_Collins_,96544,199
Doug_Duncan_,119521,680
Doug_Melvin_,128596,945
Drew_Barrymore_,148849,1427
Duane_Lee_Chapman_,0,13
Dwayne_Johnson_,147974,1411
Ed_Rosenthal_,123305,802
Ed_Smart_,152299,1475
Eddie_Sutton_,127695,918
Eddy_Merckx_,111741,491
Edie_Falco_,152211,1472
Edmund_Hillary_,138727,1231
Edmund_Stoiber_,190250,1670
Eduard_Shevardnadze_,150224,1442
Eduardo_Duhalde_,115069,568
Edward_James_Olmos_,96756.3,202
Edward_Kennedy_,141269,1289
Edward_Lu_,147909,1409
Edward_Norton_,98494,227
Edward_Said_,121180,739
Edwin_Edwards_,90285,140
Edwina_Currie_,94250.5,171
Eileen_Coparropa_,149300,1434
Elena_Bovina_,88287.8,124
Eliane_Karp_,136330,1176
Elijah_Wood_,118851,664
Elin_Nordegren_,105845,355
Elinor_Caplan_,0,14
Elisabeth_Schumacher_,107657,390
Elizabeth_Dole_,151126,1460
Elizabeth_Hurley_,101355,269
Elizabeth_Shue_,114224,540
Elizabeth_Smart_,166248,1608
Elizabeth_Taylor_,115699,582
Ellen_DeGeneres_,114544,552
Ellen_Engleman_,129903,979
Elsa_Zylberstein_,134121,1108
Elton_John_,124714,837
Elvis_Presley_,116949,617
Emanuel_Ginobili_,89706,134
Emile_Lahoud_,180006,1655
Emily_Robison_,101039,263
Emma_Thompson_,87689,121
Emma_Watson_,145284,1366
Emmanuelle_Beart_,85212.5,107
Emmit_Smith_,101377,270
Enrique_Bolanos_,107314,380
Eric_Clapton_,99201,235
Eric_Hinske_,126201,884
Eric_Robert_Rudolph_,173178,1642
Eric_Rosser_,110007,450
Erik_Morales_,125361,860
Erika_Christensen_,111069,471
Erika_Harold_,137090,1195
Erin_Runnion_,120581,718
Ernesto_Zedillo_,124359,826
Ernie_Els_,130321,996
Ernie_Eves_,106480,367
Ernie_Fletcher_,69403,73
Ethan_Hawke_,115223,571
Eunice_Barber_,0,15
Eva_Dimas_,159828,1566
Evan_Rachel_Wood_,145578,1369
Evander_Holyfield_,149778,1438
Eve_Pelletier_,109062,422
Fabiola_Zuluaga_,92520.2,162
Fabrice_Santoro_,122294,775
Farouk_al-Sharaa_,133693,1096
Faye_Dunaway_,61480,70
Fayssal_Mekdad_,154350,1505
Federico_Trillo_,121165,737
Felipe_Perez_Roque_,80474.5,93
Felix_Mantilla_,119832,692
Ferenc_Madl_,0,16
Fernando_Gonzalez_,119663,686
Fernando_Henrique_Cardoso_,126089,878
Fernando_Vargas_,114063,534
Fidel_Castro_,138476,1225
Filippo_Inzaghi_,109185,427
Flavia_Delaroli_,127008,900
Flor_Montulo_,191302,1672
Fran_Drescher_,134702,1125
Frances_Fisher_,116347,602
Francis_Ford_Coppola_,118524,660
Francis_George_,0,17
Francis_Mer_,95443,190
Francisco_Flores_,85701.7,108
Franco_Dragone_,150545,1448
Frank_Cassell_,129484,968
Frank_Dunham_Jr_,102849,301
Frank_Griswold_,130389,999
Frank_Lautenberg_,137883,1209
Frank_Solich_,151239,1461
Frank_Stallone_,141924,1302
Franko_Simatovic_,114297,542
Franz_Beckenbauer_,131760,1043
Franz_Fischler_,130219,992
Franz_Muentefering_,123985,822
Fred_Eckhard_,101478,272
Fred_Funk_,0,18
Fred_Thompson_,113659,530
Freddy_Garcia_,114696,559
Fujio_Cho_,123877,820
GL_Peiris_,151978,1468
Gabriel_Batistuta_,129320,963
Gabriel_Valdes_,120168,702
Gao_Qiang_,155959,1527
Garry_Kasparov_,116230,599
Garry_Trudeau_,124804,845
Gary_Bergeron_,86210,112
Gary_Carter_,122755,790
Gary_Doer_,147983,1412
Gary_Forsee_,160441,1572
Gary_Locke_,137714,1204
Gary_Williams_,98007.3,222
Gary_Winnick_,182462,1662
Gene_Robinson_,174422,1645
Geno_Auriemma_,94843.7,182
Geoff_Hoon_,112043,497
George_Brumley_,0,19
George_Clooney_,133988,1105
George_Foreman_,0,20
George_Galloway_,142316,1313
George_HW_Bush_,125592,864
George_Karl_,130281,994
George_Lopez_,167410,1617
George_P_Bush_,140758,1278
George_Papandreou_,121171,738
George_Pataki_,104213,323
George_Robertson_,108542,413
George_Roy_Hill_,180336,1658
George_Ryan_,123099,799
George_Tenet_,131908,1047
George_Voinovich_,140916,1284
George_W_Bush_,108124,397
Georgi_Parvanov_,79713,90
Geraldine_Chaplin_,165644,1604
Gerard_Depardieu_,129701,973
Gerardo_Gambala_,125216,857
Gerhard_Schroeder_,156953,1542
Gerry_Adams_,171521,1636
Gerry_Parsky_,120615,720
Gian_Marco_,138800,1234
Gianna_Angelopoulos-Daskalaki_,141932,1303
Gil_de_Ferran_,112863,521
Gilberto_Rodriguez_Orejuela_,130585,1003
Gillian_Anderson_,72073.5,77
Gisele_Bundchen_,160144,1570
Giuseppe_Gibilisco_,57101.5,63
Glafcos_Clerides_,116699,610
Gloria_Allred_,134612,1120
Gloria_Macapagal_Arroyo_,108972,420
Gloria_Trevi_,157367,1548
Goh_Kun_,135905,1162
Goldie_Hawn_,117517,633
Gonzalo_Sanchez_de_Lozada_,140465,1270
Goran_Persson_,129082,959
Gordon_Brown_,123782,815
Gordon_Campbell_,115302,574
Grady_Irvin_Jr_,132771,1072
Grant_Hackett_,117393,631
Gray_Davis_,116750,612
Greg_Gilbert_,131680,1040
Greg_Ostertag_,120706,722
Greg_Owen_,74761,82
Greg_Rusedski_,97815,219
Gregg_Popovich_,103909,315
Gregory_Geoffroy_,132065,1053
Gregory_Hines_,140669,1274
Gro_Harlem_Brundtland_,0,21
Guido_Westerwelle_,0,22
Guillaume_Soro_,113117,525
Guillermo_Canas_,114125,537
Guillermo_Coria_,117955,647
Guillermo_Ortiz_,181356,1661
Gunter_Pleuger_,105408,346
Gus_Van_Sant_,134610,1119
Gustavo_Kuerten_,124796,842
Guy_Hemmings_,109036,421
Guy_Ritchie_,179218,1654
Gwendal_Peizerat_,106621,369
Gwyneth_Paltrow_,105507,347
Habib_Rizieq_,116556,608
Hal_Gehman_,109593,436
Hal_Sutton_,103174,306
Halle_Berry_,100143,255
Hamid_Karzai_,134138,1110
Hamzah_Haz_,70451,75
Hanan_Ashrawi_,112366,509
Hannah_Stockbauer_,90961,148
Hans_Blix_,115842,586
Hans_Eichel_,134647,1123
Harbhajan_Singh_,128039,926
Harrison_Ford_,123128,800
Harry_Belafonte_,161907,1580
Harry_Kalas_,109234,429
Harry_Schmidt_,112114,498
Harvey_Weinstein_,150897,1453
Hashim_Thaci_,134618,1121
Hassan_Nasrallah_,108268,401
Hassan_Wirajuda_,120885,729
Hayley_Tullett_,114516,549
Heath_Ledger_,160080,1569
Heather_Mills_,127724,919
Hector_Babenco_,135754,1155
Hee-Won_Han_,133432,1085
Heidi_Fleiss_,133541,1090
Heidi_Klum_,135891,1160
Heinz_Feldmann_,105742,353
Heizo_Takenaka_,152793,1483
Helen_Clark_,133914,1104
Henrique_Meirelles_,148920,1428
Herb_Sendek_,135547,1150
Hermann_Maier_,104004,318
Herta_Daeubler-Gmelin_,116483,606
Hichiro_Naemura_,111035,469
Hideki_Matsui_,148122,1414
Hilary_Duff_,121922,760
Hillary_Clinton_,172370,1640
Hilmi_Ozkok_,149282,1433
Hipolito_Mejia_,134840,1133
Hisao_Oguchi_,123715,812
Hitomi_Soga_,145922,1376
Holly_Hunter_,118850,663
Hootie_Johnson_,126929,899
Horst_Koehler_,111182,475
Hosni_Mubarak_,148208,1417
Howard_Dean_,87811,123
Howard_Schultz_,0,23
Howard_Smith_,130151,988
Hu_Jintao_,147373,1402
Hugh_Grant_,194709,1674
Hugo_Chavez_,73464,79
Hun_Sen_,0,24
Iain_Duncan_Smith_,143798,1341
Ian_McKellen_,129405,966
Ian_Thorpe_,142899,1327
Iban_Mayo_,90369,142
Ibrahim_Jaafari_,132142,1058
Igor_Ivanov_,115997,594
Ilan_Ramon_,125061,852
Imad_Moustapha_,131457,1031
Inam-ul-Haq_,156497,1539
Inocencio_Arias_,0,25
Intisar_Ajouri_,101500,274
Isabella_Rossellini_,122669,788
Isabelle_Huppert_,133362,1083
Isaiah_Washington_,155207,1517
Ishaq_Shahryar_,85931,110
Ismail_Merchant_,108455,407
Iva_Majoli_,102163,284
JJ_Redick_,112339,507
JK_Rowling_,87426,119
Jack_Grubman_,128948,956
Jack_Nicholson_,136543,1182
Jack_Straw_,147262,1400
Jackie_Chan_,131372,1029
Jacqueline_Obradors_,127490,913
Jacques_Chirac_,101440,271
Jacques_Rogge_,139650,1250
Jada_Pinkett_Smith_,139141,1238
Jake_Gyllenhaal_,152375,1478
James_Blake_,128325,933
James_Butts_,139611,1249
James_Caan_,118038,649
James_Cameron_,146409,1382
James_Cunningham_,151854,1467
James_Franco_,148180,1415
James_Gandolfini_,142898,1326
James_Ivory_,54348,62
James_Jones_,135496,1149
James_Kelly_,104975,339
James_Kopp_,116256,600
James_Maguire_,86562.6,113
James_McGreevey_,124507,835
James_Morris_,92430,160
James_Parker_,94070.5,169
James_Schultz_,103584,313
James_Smith_,136910,1191
James_Traficant_,128913,955
James_Wolfensohn_,128322,932
Jamie_Villafane_,156132,1530
Jamling_Norgay_,143838,1342
Jan-Michael_Gambill_,111646,489
Jan_Ullrich_,132308,1064
Jane_Fonda_,132533,1069
Jane_Kaczmarek_,112484,512
Jane_Pauley_,144489,1356
Janet_Napolitano_,99631.8,245
Janet_Thorpe_,99841.3,248
Janica_Kostelic_,116400,604
Jason_Alexander_,135936,1163
Jason_Jennings_,118758,662
Jason_Kidd_,94575.3,178
Jason_Lezak_,133444,1086
Javier_Solana_,108779,418
Javier_Weber_,119273,675
Jay_Garner_,143428,1333
Jay_Leno_,121199,741
Jay_Rasulo_,110980,467
Jayson_Williams_,145229,1364
Jean-Claude_Braquet_,108698,416
Jean-Claude_Juncker_,180040,1656
Jean-Claude_Trichet_,143660,1337
Jean-David_Levitte_,117553,635
Jean-Francois_Pontal_,96797.3,205
Jean-Marc_de_La_Sabliere_,141976,1304
Jean-Pierre_Raffarin_,140669,1273
Jean-Sebastien_Giguere_,140322,1268
Jean_Brumley_,0,26
Jean_Carnahan_,102812,299
Jean_Charest_,167965,1619
Jean_Chretien_,124754,841
Jeanne_Moreau_,132868,1074
Jeb_Bush_,89180.3,128
Jeff_Van_Gundy_,57462,64
Jefferson_Perez_,130182,990
Jeffrey_Archer_,165520,1603
Jeffrey_Immelt_,104542,329
Jeffrey_Jones_,130922,1015
Jeffrey_Scott_Postell_,139189,1239
Jelena_Dokic_,118335,655
Jennifer_Aniston_,122220,771
Jennifer_Capriati_,130112,987
Jennifer_Connelly_,138655,1229
Jennifer_Garner_,136925,1193
Jennifer_Keller_,102961,303
Jennifer_Lopez_,120023,697
Jennifer_Reilly_,112032,496
Jennifer_Rodriguez_,168832,1625
Jennifer_Thompson_,108321,403
Jeong_Se-hyun_,146245,1380
Jeremy_Greenstock_,140876,1281
Jeremy_Shockey_,106505,368
Jerry_Falwell_,120477,714
Jerry_Regier_,126604,895
Jerry_Springer_,147537,1404
Jesse_Harris_,190979,1671
Jesse_Jackson_,119726,689
Jesse_James_Leija_,85164,105
Jesse_Ventura_,127787,921
Jessica_Alba_,0,27
Jessica_Lange_,158504,1558
Jessica_Lynch_,154227,1500
Jia_Qinglin_,119300,676
Jiang_Zemin_,156177,1532
Jim_Carrey_,135824,1158
Jim_Edmonds_,136092,1171
Jim_Furyk_,148632,1424
Jim_Hahn_,127556,915
Jim_Harrick_,123808,817
Jim_OBrien_,78095,88
Jim_Tressel_,175855,1647
Jimmy_Carter_,134058,1107
Jimmy_Kimmel_,166735,1613
Jiri_Novak_,124800,844
Jo_Dee_Messina_,0,28
Joan_Claybrook_,98844.5,231
Joan_Laporta_,121772,756
Job_Cohen_,164095,1600
Jodie_Foster_,0,29
Joe_Calzaghe_,126123,881
Joe_Dumars_,0,30
Joe_Gatti_,112319,505
Joe_Lieberman_,87103,118
Joe_Mantello_,130725,1009
Joe_Nichols_,148092,1413
Joe_Torre_,106360,365
Joerg_Haider_,122046,766
John_Abizaid_,155431,1522
John_Allen_Muhammad_,114170,539
John_Ashcroft_,154255,1502
John_Banko_,91690,152
John_Blaney_,160223,1571
John_Bolton_,122344,777
John_Brady_,107966,395
John_Cusack_,138741,1232
John_Edwards_,122582,786
John_F_Kennedy_Jr_,89910,136
John_Garamendi_,135495,1148
John_Howard_,115277,573
John_Jumper_,135373,1142
John_Kerry_,130868,1013
John_Malkovich_,142170,1309
John_Manley_,107781,392
John_Mayer_,128806,952
John_McCain_,127306,907
John_McCallum_,94457.8,174
John_McCormack_,108372,405
John_McEnroe_,133369,1084
John_Negroponte_,120005,696
John_Paul_II_,135466,1146
John_Reid_,165448,1602
John_Reilly_,128392,937
John_Rigas_,157614,1552
John_Rosa_,130842,1012
John_Rowland_,122141,769
John_Ruiz_,126107,880
John_Snow_,158774,1560
John_Spencer_,137728,1206
John_Stallworth_,115142,569
John_Stockton_,157454,1549
John_Swofford_,117146,624
John_Taylor_,99903.5,251
John_Timoney_,125090,853
John_Travolta_,78835,89
John_Walsh_,89487,132
John_Warner_,125951,872
John_Wolf_,122475,783
Johnny_Carson_,109330,432
Johnny_Depp_,0,31
Johnny_Tapia_,175244,1646
Johnny_Unitas_,148242,1418
Johnson_Panjaitan_,135383,1143
Jolanta_Kwasniewski_,112314,504
Jon_Corzine_,125108,854
Jon_Gruden_,108318,402
Jon_Voight_,148716,1425
Jonathan_Edwards_,98323,225
Jonathan_Mostow_,167635,1618
Jong_Thae_Hwa_,115859,588
Jong_Wook_Lee_,129646,972
Jorge_Arce_,118854,665
Jorge_Batlle_,104398,327
Jorge_Castaneda_,149162,1431
Jorge_Rodolfo_Canicoba_Corral_,138514,1227
Jorge_Valdano_,132510,1068
Joschka_Fischer_,105353,343
Jose_Canseco_,92505,161
Jose_Dirceu_,102362,292
Jose_Manuel_Durao_Barroso_,156197,1534
Jose_Maria_Aznar_,109609,438
Jose_Mourinho_,136055,1169
Jose_Sarney_,128542,943
Jose_Serra_,125134,855
Jose_Theodore_,142664,1320
Jose_Viegas_Filho_,138743,1233
Joseph_Biden_,141390,1291
Joseph_Blatter_,102521,295
Joseph_Deiss_,120612,719
Joseph_Estrada_,120337,710
Joseph_Ralston_,146428,1383
Juan_Carlos_Ferrero_,125185,856
Juan_Ignacio_Chela_,134866,1135
Juan_Manuel_Marquez_,119187,674
Juan_Pablo_Montoya_,133896,1103
Juan_Valencia_Osorio_,131491,1032
Juanes_,95664.4,192
Jude_Law_,0,32
Judi_Dench_,0,33
Judy_Genshaft_,114519,550
Juergen_Peters_,170186,1633
Julia_Tymoshenko_,116425,605
Julianna_Margulies_,143194,1332
Julianne_Moore_,156195,1533
Julie_Gerberding_,109459,434
Julie_Taymor_,107792,393
Julio_Iglesias_Jr_,113039,523
Junichiro_Koizumi_,151010,1459
Justin_Gatlin_,138511,1226
Justin_Guarini_,0,34
Justin_Leonard_,101978,282
Justin_Timberlake_,127321,908
Justine_Henin_,131584,1034
Justine_Pasek_,109829,445
Kalpana_Chawla_,141512,1293
Kamal_Kharrazi_,109921,448
Karen_Mok_,122137,768
Karin_Stoiber_,97006,208
Kate_Capshaw_,139365,1243
Kate_Hudson_,120761,725
Kate_Winslet_,98691,229
Katherine_Harris_,168890,1626
Kathleen_Glynn_,167241,1616
Kathleen_Kennedy_Townsend_,163043,1593
Kathryn_Bigelow_,135296,1141
Kathy_Winters_,108231,399
Katie_Harman_,161842,1579
Keanu_Reeves_,124362,827
Keira_Knightley_,99759.5,247
Keith_Bogans_,103323,310
Kelli_White_,125669,868
Kelly_Clarkson_,123515,805
Kelvin_Sampson_,57551,65
Kemal_Dervis_,117617,636
Ken_Macha_,139844,1254
Ken_Watanabe_,150623,1450
Kenneth_Bowersox_,121572,749
Kenneth_Branagh_,142678,1322
Kenneth_Evans_,128513,941
Kent_Rominger_,139429,1244
Kevin_Costner_,163827,1598
Kevin_Spacey_,107157,377
Kevin_Stallings_,98416.5,226
Kieran_Prendergast_,122030,765
Kifah_Ajouri_,0,35
Kiki_Vandeweghe_,145152,1362
Kim_Clijsters_,112136,499
Kim_Dae-jung_,126834,896
Kim_Jin-sun_,133810,1099
Kim_Jong-Il_,114487,547
Kim_Ryong-sung_,146993,1395
Kim_Yong-il_,135897,1161
Kimi_Raikkonen_,106368,366
King_Abdullah_II_,97695,218
Kirk_Ferentz_,139704,1251
Kirk_Johnson_,104711,335
Kjell_Magne_Bondevik_,111233,479
Klaus_Zwickel_,108593,414
Kobe_Bryant_,131744,1042
Kofi_Annan_,119772,690
Kosuke_Kitajima_,107321,381
Kristanna_Loken_,158928,1561
Kristen_Breitweiser_,127824,922
Kristin_Davis_,153201,1491
Kurt_Busch_,202547,1677
Kurt_Russell_,137526,1200
Kurt_Warner_,123649,811
Kwon_Yang-sook_,136612,1185
LK_Advani_,75320,83
Laila_Ali_,105967,359
Lana_Clarkson_,125451,863
Lance_Armstrong_,138269,1219
Lance_Bass_,132191,1060
Larry_Bowa_,104436,328
Larry_Brown_,127281,906
Larry_Coker_,114697,560
Larry_Ellison_,157020,1543
Larry_Johnson_,129951,981
Larry_Lindsey_,111611,486
Larry_Lucchino_,115624,579
Larry_Thompson_,117897,646
Lars_Von_Trier_,141904,1301
Latrell_Sprewell_,128109,927
Laura_Bush_,115190,570
Laura_Hernandez_,116582,609
Laura_Linney_,142039,1306
Lauren_Hutton_,124742,840
Lauren_Killian_,113106,524
Laurent_Gbagbo_,127637,916
Laurent_Jalabert_,142668,1321
Lawrence_MacAulay_,92131,157
LeAnn_Rimes_,122610,787
LeBron_James_,124846,846
Lea_Fastow_,116498,607
Leander_Paes_,157538,1550
Lech_Walesa_,117346,630
Lee_Hoi-chang_,149960,1439
Lee_Jun_,136477,1179
Lee_Soo-hyuck_,123568,809
Lee_Tae-sik_,121954,763
Leland_Chapman_,0,36
Len_Jenoff_,136553,1183
Lennox_Lewis_,132022,1050
Lenny_Wilkens_,86890,116
Leon_LaPorte_,154651,1510
Leonard_Hamilton_,120501,716
Leonardo_DiCaprio_,146685,1390
Leonid_Kuchma_,131847,1046
Lesley_McCulloch_,129457,967
Leslie_Ann_Woodward_,132434,1066
Leslie_Caldwell_,138048,1214
Leslie_Moonves_,152118,1470
Leszek_Miller_,171959,1637
Li_Peng_,142141,1308
Li_Zhaoxing_,100389,258
Liam_Neeson_,101324,267
Lili_Taylor_,119035,670
Lily_Tomlin_,0,37
Lim_Dong-won_,148404,1421
Lina_Krasnoroutskaya_,186514,1667
Lindsay_Benko_,118098,651
Lindsay_Davenport_,111173,474
Lindsey_Graham_,121749,755
Lino_Oviedo_,119691,687
Lionel_Richie_,150307,1444
Lisa_Gottsegen_,157318,1547
Lisa_Ling_,144128,1347
Lisa_Marie_Presley_,163280,1594
Lisa_Raymond_,134029,1106
Liu_Mingkang_,141865,1300
Liza_Minnelli_,147542,1405
Lleyton_Hewitt_,107293,379
Lloyd_Ward_,131087,1021
Lon_Kruger_,130717,1008
Lord_Hutton_,115408,575
Lou_Piniella_,106705,371
Luciano_Pavarotti_,154644,1508
Lucio_Gutierrez_,163388,1595
Lucy_Liu_,117759,641
Ludivine_Sagnier_,101607,276
Luis_Ernesto_Derbez_Bautista_,156891,1541
Luis_Figo_,107538,387
Luis_Gonzalez_Macchi_,69002,72
Luis_Horna_,117875,645
Luiz_Felipe_Scolari_,109138,424
Luiz_Inacio_Lula_da_Silva_,153214,1492
Luke_Walton_,147142,1398
Lyle_Vanclief_,125049,851
Lynn_Abraham_,99531,241
Lynn_Redgrave_,171318,1635
Lynne_Cheney_,152925,1487
Mack_Brown_,107229,378
Madeleine_Albright_,110015,451
Madonna_,137528,1201
Magdalena_Maleeva_,110030,452
Maggie_Smith_,138449,1222
Magui_Serna_,110173,455
Mahathir_Mohamad_,95593.3,191
Mahmoud_Abbas_,94182,170
Makhdoom_Amin_Fahim_,125691,869
Manfred_Stolpe_,111189,476
Manuel_Poggiali_,182875,1665
Marat_Safin_,127462,912
Marc-Andre_Fleury_,120497,715
Marc_Grossman_,130086,986
Marcelo_Ebrard_,139951,1257
Marcelo_Rios_,136086,1170
Marcelo_Salas_,154890,1514
Marco_Antonio_Barrera_,134525,1117
Marcus_Gronholm_,54088,60
Margaret_Thatcher_,83825.3,102
Maria_Luisa_Mendonca_,133599,1094
Maria_Shriver_,117253,629
Maria_Soledad_Alvear_Valenzuela_,153300,1493
Mariah_Carey_,142727,1325
Mariana_Pollack_,100196,256
Mariangel_Ruiz_Torrealba_,132656,1070
Marie-Reine_Le_Gougne_,167135,1615
Marieta_Chrousala_,100757,260
Marilyn_Monroe_,125995,874
Marina_Anissina_,74207.7,81
Mario_Cipollini_,131262,1025
Mario_Dumont_,111611,487
Mario_Kreutzberger_,166325,1609
Marisa_Tomei_,140113,1265
Marissa_Jaret_Winokur_,113364,527
Mark_Cuban_,117814,644
Mark_Dacey_,0,38
Mark_Geragos_,88868.5,126
Mark_Gottfried_,130938,1016
Mark_Hamister_,93612.3,167
Mark_Heller_,136043,1168
Mark_Hurlbert_,142201,1310
Mark_Philippoussis_,111348,481
Mark_Richt_,122263,773
Mark_Schweiker_,130191,991
Mark_Wahlberg_,144478,1355
Mark_Warner_,182862,1664
Markus_Naslund_,117401,632
Marlene_Weingartner_,99624,243
Martha_Beatriz_Roque_,97101,210
Martha_Bowen_,142946,1328
Martha_Burk_,91703,153
Martha_Lucia_Ramirez_,162314,1584
Martha_Stewart_,116821,615
Martin_Brodeur_,138247,1217
Martin_Cauchon_,102611,296
Martin_Hoellwarth_,104001,317
Martin_McCauley_,152579,1480
Martin_McGuinness_,114935,566
Martin_Scorsese_,110495,462
Martin_Sheen_,145782,1373
Martin_Verkerk_,120192,705
Martina_Hingis_,111225,478
Martina_McBride_,120377,711
Marty_Mornhinweg_,91456,151
Marwan_Barghouthi_,145973,1377
Mary-Kate_Olsen_,140129,1266
Mary_Carey_,92731,164
Mary_Landrieu_,144268,1351
Mary_Steenburgen_,93423,165
Mary_Tyler_Moore_,134861,1134
Masahiko_Nagasawa_,128397,938
Masum_Turker_,108797,419
Mathias_Reichhold_,127373,910
Matt_Damon_,115763,584
Matt_Dillon_,122876,794
Matt_Doherty_,99645.5,246
Matthew_Broderick_,132288,1062
Matthew_Perry_,110362,460
Maureen_Fanning_,113736,532
Max_Mayfield_,135786,1156
Megan_Mullally_,131595,1036
Megawati_Sukarnoputri_,104602,332
Meghann_Shaughnessy_,86657,114
Mel_Brooks_,119477,678
Mel_Gibson_,123872,818
Melanie_Griffith_,117739,639
Melissa_Etheridge_,117244,627
Meryl_Streep_,159468,1564
Mesut_Yilmaz_,0,39
Mian_Khursheed_Mehmood_Kasuri_,116820,614
Michael_Ballack_,104069,320
Michael_Bloomberg_,180607,1660
Michael_Caine_,106311,363
Michael_Capellas_,135405,1144
Michael_Chang_,135110,1140
Michael_Chiklis_,133104,1078
Michael_Douglas_,148536,1423
Michael_J_Sheehan_,119030,669
Michael_Jackson_,142221,1311
Michael_Jordan_,120795,726
Michael_Keaton_,135742,1153
Michael_Kostelnik_,139957,1259
Michael_Leavitt_,79932,91
Michael_Moore_,152840,1485
Michael_Patrick_King_,151367,1463
Michael_Phelps_,119703,688
Michael_Powell_,123548,807
Michael_Schumacher_,115276,572
Michael_Sullivan_,121203,742
Michael_Winterbottom_,152319,1476
Michel_Duclos_,112611,513
Michel_Temer_,89327,129
Michel_Therrien_,166940,1614
Michelle_Branch_,131217,1023
Michelle_Collins_,118083,650
Michelle_Kwan_,111055,470
Michelle_Pfeiffer_,117658,638
Michelle_Rodriguez_,168254,1622
Michelle_Yeoh_,139885,1255
Mick_Jagger_,139103,1236
Miguel_Contreras_,90565,144
Miguel_Estrada_,115926,589
Mike_Babcock_,0,40
Mike_Brey_,102950,302
Mike_Helton_,73322,78
Mike_Holmgren_,104010,319
Mike_Krzyzewski_,134304,1113
Mike_Martz_,139192,1240
Mike_Miller_,137865,1208
Mike_Montgomery_,85884.3,109
Mike_Myers_,128609,947
Mike_Price_,0,41
Mike_Scioscia_,128280,931
Mike_Tyson_,138454,1223
Mike_Weir_,124714,838
Mikhail_Gorbachev_,156206,1536
Mikhail_Kasyanov_,137947,1212
Mikhail_Wehbe_,101841,281
Mikhail_Youzhny_,114439,545
Mikulas_Dzurinda_,149066,1429
Milo_Djukanovic_,81913,96
Milo_Maestrecampo_,61123,67
Minnie_Driver_,0,42
Mireya_Moscoso_,139998,1260
Miroljub_,126283,887
Mitchell_Daniels_,114169,538
Mitoji_Yabunaka_,148292,1419
Miyako_Miyazaki_,152454,1479
Mohamed_Benaissa_,145739,1371
Mohamed_ElBaradei_,113158,526
Mohammad_Khatami_,137042,1194
Mohammed_Al-Douri_,140904,1282
Mohammed_Baqir_al-Hakim_,140674,1275
Monica_Bellucci_,140103,1264
Monica_Lewinsky_,156412,1537
Monica_Seles_,130372,998
Monique_Garbrecht-Enfeldt_,116719,611
Morgan_Freeman_,0,43
Moshe_Katsav_,112300,503
Muammar_Gaddafi_,119094,671
Muhammad_Ali_,130007,984
Muhammad_Saeed_al-Sahhaf_,136915,1192
Mukesh_Ambani_,98761,230
Munir_Akram_,137331,1198
Nabil_Shaath_,125860,871
Nadia_Petrova_,113667,531
Nadine_Vinzens_,132958,1075
Naji_Sabri_,128606,946
Nan_Wang_,115674,581
Nancy_Demme_,96779.7,204
Nancy_Pelosi_,178171,1651
Nancy_Reagan_,127265,904
Nancy_Sinatra_,128674,950
Nanni_Moretti_,109839,447
Naomi_Campbell_,163641,1597
Naomi_Watts_,137214,1197
Naoto_Kan_,136857,1188
Nasser_al-Kidwa_,126542,893
Nastassia_Kinski_,111631,488
Natalie_Cole_,116296,601
Natalie_Coughlin_,154720,1511
Natalie_Maines_,104300,326
Natasha_McElhone_,121967,764
Nathalie_Baye_,139227,1241
Nathan_Lane_,116977,618
Nebojsa_Pavkovic_,158337,1556
Nelson_Mandela_,100377,257
Neri_Marcore_,162839,1589
Nestor_Kirchner_,152250,1474
Nia_Vardalos_,152324,1477
Nicanor_Duarte_Frutos_,109834,446
Nicholas_Byron_,132030,1051
Nicholas_Tse_,131964,1048
Nick_Nolte_,91352.3,149
Nicolas_Cage_,136531,1181
Nicolas_Escude_,97843,220
Nicolas_Lapentti_,98917.3,232
Nicole_Kidman_,118717,661
Nikki_Reed_,108249,400
Noah_Wyle_,101750,280
Noelle_Bush_,112469,511
Nora_Bendijo_,0,44
Norah_Jones_,111908,492
Norm_Coleman_,97418.2,215
Norman_Jewison_,150644,1451
Norodom_Sihanouk_,138883,1235
Nursultan_Nazarbayev_,140040,1261
OJ_Simpson_,124927,847
Oleksandr_Moroz_,115965,592
Olesya_Bonabarenko_,115716,583
Olivia_Newton-John_,141196,1287
Omar_Sharif_,157610,1551
Oprah_Winfrey_,140728,1277
Orlando_Bloom_,93585,166
Orrin_Hatch_,124391,829
Osama_bin_Laden_,150960,1455
Oscar_De_La_Hoya_,116197,596
Oscar_Elias_Biscet_,146930,1394
Oswaldo_Paya_,137802,1207
Owen_Wilson_,159396,1563
Oxana_Fedorova_,149606,1435
Ozzy_Osbourne_,133652,1095
Padraig_Harrington_,116202,597
Pamela_Anderson_,135951,1164
Paradorn_Srichaphan_,106729,373
Paris_Hilton_,124414,831
Parris_Glendening_,118379,656
Pascal_Lamy_,125655,867
Pascal_Quignard_,155998,1528
Pat_Burns_,0,45
Pat_Cox_,120721,723
Patrice_Chereau_,126488,892
Patricia_Clarkson_,126134,882
Patricia_Heaton_,113540,529
Patrick_Ewing_,191611,1673
Patrick_Leahy_,131667,1039
Patrick_McEnroe_,112329,506
Patrick_Roy_,122277,774
Patrick_Stewart_,149224,1432
Patti_Labelle_,120572,717
Patty_Schnyder_,96774.3,203
Paul-Henri_Mathieu_,149676,1436
Paul_Bremer_,169892,1632
Paul_Burrell_,142405,1314
Paul_Byrd_,126344,888
Paul_Coppin_,150088,1441
Paul_Gascoigne_,103474,312
Paul_Hogan_,61210,68
Paul_Kagame_,157265,1545
Paul_Martin_,124798,843
Paul_McCartney_,126924,898
Paul_McNulty_,112900,522
Paul_ONeill_,104115,321
Paul_Patton_,147090,1396
Paul_Pierce_,123925,821
Paul_Sarbanes_,131593,1035
Paul_Shanley_,128113,928
Paul_Tagliabue_,103923,316
Paul_Wellstone_,204926,1678
Paul_William_Hurley_,159961,1568
Paul_Wolfowitz_,107851,394
Paula_Radcliffe_,182704,1663
Paula_Zahn_,124406,830
Paulo_Cesar_Pinheiro_,0,46
Pedro_Almodovar_,115769,585
Pedro_Malan_,121728,753
Pedro_Solbes_,128127,929
Penelope_Ann_Miller_,133534,1089
Penelope_Cruz_,0,47
Pervez_Musharraf_,101748,279
Pete_Carroll_,131129,1022
Pete_Rose_,138023,1213
Pete_Sampras_,91732,154
Peter_Arnett_,146295,1381
Peter_Bacanovic_,121944,762
Peter_Costello_,148193,1416
Peter_Greenaway_,104875,336
Peter_Harrison_,129333,964
Peter_Hillary_,122791,793
Peter_Struck_,162112,1583
Petria_Thomas_,99462.3,238
Petro_Symonenko_,125048,850
Phan_Van_Khai_,0,48
Phil_Gramm_,99874,250
Phil_Mickelson_,123524,806
Phil_Vassar_,114640,557
Philippe_Noiret_,152103,1469
Pierce_Brosnan_,128028,925
Pierre_Boulanger_,131023,1018
Pierre_Pettigrew_,128822,954
Placido_Domingo_,111127,472
Prince_Charles_,149156,1430
Prince_Claus_,102669,298
Prince_Edward_,111291,480
Prince_Harry_,111971,493
Prince_Naruhito_,128448,939
Prince_Willem-Alexander_,107617,388
Prince_William_,145671,1370
Princess_Aiko_,99625,244
Princess_Anne_,139248,1242
Princess_Caroline_,158550,1559
Princess_Elisabeth_,153935,1497
Princess_Masako_,141823,1299
Priscilla_Owen_,133756,1097
Priscilla_Presley_,77104.7,84
Pupi_Avati_,134764,1126
Queen_Beatrix_,147126,1397
Queen_Elizabeth_II_,108385,406
Queen_Latifah_,134135,1109
Queen_Rania_,105395,345
Rachel_Griffiths_,126543,894
Rachel_Hunter_,130075,985
Rafael_Ramirez_,117783,642
Raghad_Saddam_Hussein_,120804,727
Rainer_Schuettler_,134775,1128
Ralf_Schumacher_,131293,1026
Ralph_Firman_,216255,1679
Ralph_Klein_,122483,784
Ralph_Lauren_,139954,1258
Ranil_Wickremasinghe_,148350,1420
Raoul_Ruiz_,150756,1452
Raquel_Welch_,133559,1092
Ray_Allen_,114852,563
Ray_Nagin_,112005,495
Ray_Romano_,123726,813
Raymond_Odierno_,133480,1088
Rebecca_Romijn-Stamos_,110345,459
Rebekah_Chantay_Revels_,151647,1465
Recep_Tayyip_Erdogan_,117233,626
Reese_Witherspoon_,94901,183
Reggie_Miller_,101319,266
Renee_Zellweger_,123744,814
Ricardo_Lagos_,132723,1071
Ricardo_Lopez_Murphy_,161601,1577
Ricardo_Maduro_,148454,1422
Ricardo_Monasterio_,89353.5,131
Ricardo_Sanchez_,130416,1000
Rich_Gannon_,96204,195
Richard_Armitage_,67618,71
Richard_Branson_,114818,562
Richard_Butler_,138458,1224
Richard_Crenna_,141148,1286
Richard_Gephardt_,114092,535
Richard_Gere_,150234,1443
Richard_Haass_,82047,98
Richard_Krajicek_,125437,862
Richard_Myers_,90138.7,139
Richard_Norton-Taylor_,95175,185
Richard_Sambrook_,124367,828
Richard_Shelby_,132407,1065
Richard_Virenque_,82006,97
Richie_Adubato_,86113.4,111
Rick_Barnes_,116353,603
Rick_Carlisle_,97291.5,212
Rick_Dinse_,95260.8,188
Rick_Perry_,96013,194
Rick_Pitino_,134782,1129
Rick_Romley_,54113,61
Rick_Santorum_,155764,1526
Rick_Stansbury_,142639,1317
Rick_Wagoner_,141637,1296
Ricky_Barnes_,134767,1127
Ricky_Martin_,98976.5,233
Ricky_Ponting_,116980,619
Rio_Ferdinand_,144453,1353
Rita_Grande_,148798,1426
Rita_Moreno_,106026,361
Rita_Wilson_,178587,1652
Rob_Lowe_,123875,819
Rob_Marshall_,144131,1348
Rob_Schneider_,137888,1210
Robbie_Fowler_,138321,1221
Robbie_Williams_,118406,657
Robby_Ginepri_,154645,1509
Robert_Blackwill_,109615,439
Robert_Blake_,140403,1269
Robert_Bonner_,135705,1152
Robert_Bullock_,114506,548
Robert_DeFraites_,0,49
Robert_De_Niro_,135984,1165
Robert_Duvall_,177026,1650
Robert_Ehrlich_,104221,324
Robert_Evans_,128807,953
Robert_Fico_,114461,546
Robert_Horan_,127038,901
Robert_Kocharian_,135471,1147
Robert_Mueller_,90466,143
Robert_Mugabe_,152805,1484
Robert_Redford_,136222,1174
Robert_Stack_,107733,391
Robert_Torricelli_,129105,961
Robert_Witt_,126482,891
Robert_Zoellick_,155372,1519
Roberto_Benigni_,143472,1334
Roberto_Carlos_,114905,565
Roberto_Marinho_,96611.5,200
Robin_Cook_,90094.5,138
Robin_McLaurin_Williams_,125604,865
Robinson_Stevenin_,104585,331
Rod_Blagojevich_,87077,117
Rod_Stewart_,102503,294
Rodrigo_Borja_,130735,1010
Roger_Clemens_,120235,707
Roger_Federer_,155148,1516
Roger_Moore_,168593,1624
Rogerio_Romero_,146120,1378
Roh_Moo-hyun_,120979,731
Rolandas_Paksas_,162668,1588
Rolf_Eckrodt_,110432,461
Roman_Polanski_,136042,1167
Romano_Prodi_,150978,1457
Ron_Dittemore_,143964,1344
Ron_Howard_,0,50
Ronald_Reagan_,104988,341
Ronaldo_Luis_Nazario_de_Lima_,120244,708
Roseanne_Barr_,101663,278
Rosemarie_Stack_,116768,613
Roy_Jones_Jr_,146445,1384
Roy_Moore_,110658,464
Roy_Williams_,106335,364
Ruben_Studdard_,142645,1319
Rubens_Barrichello_,130676,1004
Rudolph_Giuliani_,128339,935
Rupert_Grint_,147852,1407
Rupert_Murdoch_,120379,712
Russell_Coutts_,133091,1077
Russell_Crowe_,135750,1154
Russell_Simmons_,141780,1298
Ruth_Dreifuss_,99481,239
Ruth_Harlow_,105725,351
S_Jayakumar_,138275,1220
Saburo_Kawabuchi_,133555,1091
Sachiko_Yamada_,131426,1030
Saddam_Hussein_,143128,1330
Sadie_Frost_,109103,423
Saeb_Erekat_,145882,1374
Sally_Field_,83259,100
Sally_Kirkland_,162530,1587
Sally_Ride_,143696,1339
Salma_Hayek_,167995,1620
Salman_Rushdie_,119879,693
Sam_Bith_,133890,1102
Sam_Mendes_,145034,1361
Sam_Torrance_,145227,1363
Samira_Makhmalbaf_,165661,1606
Sammy_Sosa_,124272,824
Samuel_Waksal_,96846,206
Sandra_Bullock_,119481,679
Saparmurat_Niyazov_,117133,623
Sarah_Hughes_,121301,746
Sarah_Jessica_Parker_,103418,311
Sarah_Michelle_Gellar_,119375,677
Scott_McClellan_,118211,652
Scott_McNealy_,115928,590
Scott_Peterson_,120162,701
Scott_Ritter_,166355,1610
Scott_Rudin_,0,51
Scott_Sullivan_,102275,288
Scott_Wolf_,131989,1049
Sean_Astin_,172108,1638
Sean_Hayes_,0,52
Sean_OKeefe_,89673,133
Sean_Patrick_OMalley_,139493,1246
Sean_Penn_,109204,428
Sebastian_Saja_,124444,832
Sebastien_Grosjean_,104647,334
Sepp_Blatter_,109515,435
Serena_Williams_,133134,1079
Sergei_Ivanov_,129755,974
Sergey_Lavrov_,144842,1359
Sergio_Garcia_,109645,440
Sergio_Vieira_De_Mello_,128673,949
Shane_Mosley_,106175,362
Shane_Warne_,156603,1540
Shannon_OBrien_,134792,1131
Sharon_Davis_,115477,576
Sharon_Frey_,143130,1331
Sharon_Osbourne_,139139,1237
Sharon_Stone_,114900,564
Shaukat_Aziz_,123194,801
Shaul_Mofaz_,110165,454
Sheila_Copps_,103320,309
Sheila_Fraser_,149707,1437
Sheila_Wellstone_,134514,1116
Sheryl_Crow_,161496,1576
Shia_LaBeouf_,173215,1643
Shimon_Peres_,144118,1346
Sila_Calderon_,187882,1668
Silvan_Shalom_,130175,989
Silvia_Farina_Elia_,154597,1506
Silvio_Berlusconi_,146654,1389
Silvio_Fernandez_,95244.5,186
Simon_Cowell_,126471,890
Slobodan_Milosevic_,93710,168
Sonia_Gandhi_,121143,734
Sophia_Loren_,125828,870
Sourav_Ganguly_,102275,289
Spencer_Abraham_,136903,1190
Stacy_Dragila_,147269,1401
Stan_Heath_,144263,1350
Stanley_McChrystal_,117751,640
Stanley_Tong_,0,53
Stefano_Accorsi_,129640,971
Steffi_Graf_,130702,1007
Stellan_Skarsgard_,0,54
Stephen_Ambrose_,105880,356
Stephen_Daldry_,143683,1338
Stephen_Friedman_,121849,758
Steve_Backley_,122442,781
Steve_Ballmer_,151507,1464
Steve_Lavin_,128542,944
Steve_Mariucci_,108520,410
Steve_Nash_,118932,667
Steve_Park_,92726,163
Steve_Spurrier_,132435,1067
Steve_Waugh_,105735,352
Steven_Hatfill_,132041,1052
Steven_Seagal_,97478.5,217
Steven_Spielberg_,168336,1623
Stockard_Channing_,121942,761
Strom_Thurmond_,133874,1100
Sue_Wicks_,147880,1408
Surakait_Sathirathai_,112829,519
Susan_Collins_,162855,1590
Susan_Sarandon_,73624,80
Susie_Castillo_,140244,1267
Susilo_Bambang_Yudhoyono_,105580,349
Suzanne_Gaudet_,152852,1486
Svetlana_Koroleva_,129795,976
Sylvester_Stallone_,90817.5,146
Taha_Yassin_Ramadan_,90623,145
Takashi_Sorimachi_,132294,1063
Tamara_Brooks_,132103,1054
Tammy_Lynn_Michaels_,134179,1112
Tang_Jiaxuan_,176469,1648
Tariq_Aziz_,120999,732
Tassos_Papadopoulos_,132796,1073
Taufik_Hidayat_,126265,886
Ted_Maher_,180316,1657
Terje_Roed-Larsen_,107354,384
Terrell_Suggs_,141583,1295
Terry_McAuliffe_,155716,1524
Terry_Stotts_,109752,441
Thabo_Mbeki_,161952,1581
Thaksin_Shinawatra_,156138,1531
Theo_Epstein_,124934,848
Theodore_Tweed_Roosevelt_,144819,1358
Theresa_May_,104955,338
Thierry_Falise_,127680,917
Thomas_Birmingham_,145438,1367
Thomas_Bjorn_,0,55
Thomas_Fargo_,144233,1349
Thomas_Malchow_,105558,348
Thomas_OBrien_,153475,1495
Thomas_Rupprath_,92065.5,156
Thomas_Wyman_,118432,659
Tiger_Woods_,153855,1496
Tim_Allen_,134618,1122
Tim_Chapman_,127380,911
Tim_Conway_,158258,1555
Tim_Curry_,184806,1666
Tim_Duncan_,118304,654
Tim_Floyd_,155034,1515
Tim_Henman_,131734,1041
Tim_Robbins_,120174,703
Tippi_Hedren_,122096,767
Todd_Haynes_,122362,778
Tom_Brady_,134786,1130
Tom_Coverdale_,130685,1006
Tom_Craddick_,138267,1218
Tom_Crean_,122249,772
Tom_Cruise_,128196,930
Tom_Daschle_,112796,518
Tom_Glavine_,107634,389
Tom_Hanks_,162484,1586
Tom_Harkin_,146535,1386
Tom_Jones_,100764,261
Tom_Reilly_,85198,106
Tom_Ridge_,123564,808
Tom_Watson_,71202,76
Tommy_Franks_,123069,797
Tommy_Haas_,102353,291
Tommy_Robredo_,156198,1535
Tommy_Thompson_,131515,1033
Tomoko_Hagiwara_,114530,551
Toni_Braxton_,131655,1037
Tony_Bennett_,130941,1017
Tony_Blair_,128631,948
Tony_Curtis_,169166,1627
Tony_Parker_,111166,473
Tony_Shalhoub_,111657,490
Tony_Stewart_,130221,993
Torri_Edwards_,102821,300
Toshihiko_Fukui_,0,56
Tracee_Ellis_Ross_,140760,1279
Tracy_McGrady_,116835,616
Trent_Lott_,123784,816
Tsutomu_Takebe_,136164,1173
Tubby_Smith_,131052,1020
Tung_Chee-hwa_,112347,508
Tyler_Hamilton_,101498,273
Tyra_Banks_,130005,983
Tyron_Garner_,106645,370
Uma_Thurman_,146757,1391
Vaclav_Havel_,124650,836
Vaclav_Klaus_,96731.3,201
Valdas_Adamkus_,136816,1186
Valentino_Rossi_,140813,1280
Valerie_Harper_,99905,252
Valery_Giscard_dEstaing_,136887,1189
Vanessa_Incontrada_,157299,1546
Vanessa_Redgrave_,126100,879
Vanessa_Williams_,114548,553
Venus_Williams_,122408,779
Vicente_Fernandez_,128461,940
Vicente_Fox_,122765,792
Vicki_Zhao_Wei_,139729,1252
Victoria_Beckham_,135086,1139
Victoria_Clarke_,152231,1473
Vidar_Helgesen_,129386,965
Vin_Diesel_,84526,104
Vince_Carter_,143940,1343
Vince_Gill_,101517,275
Vincent_Brooks_,126026,875
Vincent_Gallo_,176698,1649
Vitali_Klitschko_,127978,923
Vivica_Fox_,166582,1612
Vladimir_Putin_,155683,1523
Vladimir_Spidla_,122980,796
Vladimir_Voltchkov_,121109,733
Vladimiro_Montesinos_,91898,155
Vojislav_Kostunica_,89334,130
Walter_Mondale_,147669,1406
Wang_Yi_,133453,1087
Wang_Yingfan_,169804,1631
Warren_Beatty_,0,57
Warren_Buffett_,103164,305
Wayne_Ferreira_,116086,595
Wayne_Gretzky_,121446,748
Wen_Jiabao_,109764,442
Wesley_Clark_,136406,1178
Will_Smith_,154059,1499
William_Bratton_,117544,634
William_Bulger_,120185,704
William_Burns_,161159,1575
William_Donaldson_,119773,691
William_Ford_Jr_,134601,1118
William_Hochul_,103033,304
William_Macy_,98222,224
William_Martin_,110280,458
William_Rehnquist_,130581,1002
Win_Aung_,135883,1159
Winona_Ryder_,96861,207
Wolfgang_Schuessel_,123411,803
Woody_Allen_,119127,672
Wu_Yi_,156015,1529
Xanana_Gusmao_,112468,510
Xavier_Malisse_,114776,561
Yann_Martel_,152978,1488
Yao_Ming_,138213,1216
Yasar_Yakis_,147464,1403
Yashwant_Sinha_,131843,1045
Yasser_Arafat_,107137,376
Yevgeny_Kafelnikov_,134839,1132
Yoko_Ono_,89740.5,135
Yoriko_Kawaguchi_,110138,453
Yossi_Beilin_,130360,997
Yu_Shyi-kun_,101641,277
Yukiko_Okudo_,0,58
Yuri_Fedotov_,141516,1294
Yuri_Malenchenko_,155384,1520
Zafarullah_Khan_Jamali_,0,59
Zarai_Toledo_,105003,342
Zhang_Wenkang_,127279,905
Zhang_Ziyi_,145892,1375
Zhu_Rongji_,117157,625
Zico_,158148,1554
Zinedine_Zidane_,130429,1001
Zoran_Djindjic_,105600,350
