Name,Scores,EMD Ranks
,,
,,
Aaron_Peirsol_,117.307,541
Aaron_Sorkin_,134.514,1069
Abdel_Nasser_Assidi_,158.814,1563
Abdoulaye_Wade_,195.74,1678
Abdullah_,139.151,1203
Abdullah_Gul_,106.059,292
Abdullah_al-Attiyah_,139.427,1212
Abdullatif_Sener_,131.063,976
Abel_Pacheco_,135.938,1117
Abid_Hamid_Mahmud_Al-Tikriti_,177.243,1661
Adam_Sandler_,102.15,228
Adam_Scott_,160.24,1582
Adel_Al-Jubeir_,148.608,1419
Adolfo_Aguilar_Zinser_,135.555,1107
Adolfo_Rodriguez_Saa_,90.6479,87
Adrian_McPherson_,196.341,1679
Adrian_Nastase_,141.6,1272
Adrien_Brody_,110.874,387
Ahmad_Masood_,149.209,1425
Ahmed_Chalabi_,111.134,391
Ahmet_Necdet_Sezer_,129.503,924
Ai_Sugiyama_,135.287,1097
Aicha_El_Ouafi_,151.252,1466
Aitor_Gonzalez_,174.423,1653
Akbar_Hashemi_Rafsanjani_,118.619,578
Akhmed_Zakayev_,125.178,772
Al_Davis_,149.364,1428
Al_Gore_,83.0388,36
Al_Pacino_,122.314,673
Al_Sharpton_,144.22,1336
Alan_Ball_,123.647,713
Alan_Greenspan_,139.935,1223
Alan_Mulally_,110.296,378
Alastair_Campbell_,103.893,250
Albert_Costa_,168.761,1633
Alberto_Fujimori_,127.463,852
Alberto_Ruiz_Gallardon_,129.844,939
Albrecht_Mentz_,117.73,556
Aldo_Paredes_,113.574,447
Alec_Baldwin_,136.33,1125
Alejandro_Atchugarry_,120.526,631
Alejandro_Avila_,160.763,1585
Alejandro_Toledo_,130.883,969
Aleksander_Kwasniewski_,138.508,1181
Alex_Barros_,146.791,1382
Alex_Penelas_,106.881,308
Alex_Sink_,149.222,1427
Alexander_Downer_,98.4011,167
Alexander_Losyukov_,140.588,1242
Alexander_Rumyantsev_,105.994,289
Alexandra_Stevenson_,124.397,742
Alexandra_Vodjanikova_,155.294,1523
Ali_Abbas_,91.216,95
Ali_Khamenei_,138.299,1175
Ali_Naimi_,135.265,1096
Alice_Fisher_,139.652,1216
Alicia_Silverstone_,129.951,943
Alimzhan_Tokhtakhounov_,129.672,928
Alison_Lohman_,114.465,469
Allen_Iverson_,142.225,1293
Allison_Janney_,131.488,984
Allyson_Felix_,139.325,1208
Alvaro_Noboa_,111.137,392
Alvaro_Silva_Calderon_,126.897,829
Alvaro_Uribe_,115.91,511
Amanda_Beard_,112.874,432
Amanda_Bynes_,87.5604,59
Amanda_Coetzer_,124.812,759
Amber_Tamblyn_,131.556,988
Amelia_Vega_,104.677,263
Amelie_Mauresmo_,133.221,1034
Amer_al-Saadi_,114.106,464
Amram_Mitzna_,150.645,1453
Ana_Guevara_,177.768,1662
Ana_Palacio_,101.326,214
Anastasia_Myskina_,121.925,667
Anders_Ebbeson_,151.787,1470
Anders_Fogh_Rasmussen_,166.954,1627
Andre_Agassi_,124.832,760
Andrei_Mikhnevich_,144.32,1337
Andrew_Bunner_,111.846,408
Andrew_Cuomo_,119.479,603
Andrew_Niccol_,100.581,192
Andrew_Weissmann_,160.906,1587
Andy_Hebb_,81.6964,32
Andy_Roddick_,131.061,975
Angela_Bassett_,151.95,1471
Angela_Lansbury_,78.9698,19
Angela_Merkel_,85.2652,45
Angelina_Jolie_,113.169,440
Angelo_Reyes_,140.143,1230
Anibal_Ibarra_,125.996,796
Ann_Veneman_,94.8843,121
Anna_Kournikova_,166.714,1626
Anna_Nicole_Smith_,114.566,471
Anne_Krueger_,127.346,846
Anne_McLellan_,120.581,633
Anneli_Jaatteenmaki_,145.743,1363
Annette_Bening_,107.85,331
Annette_Lu_,129.669,927
Anthony_Fauci_,124.912,764
Anthony_Hopkins_,137.468,1146
Anthony_LaPaglia_,131.938,999
Antonio_Banderas_,158.108,1557
Antonio_Palocci_,107.988,336
Antonio_Trillanes_,75.6501,13
Antony_Leung_,135.733,1113
Anwar_Ibrahim_,152.637,1486
Arantxa_Sanchez-Vicario_,183.137,1673
Ari_Fleischer_,173.447,1649
Arianna_Huffington_,142.934,1312
Ariel_Sharon_,94.746,119
Arlen_Specter_,97.9607,159
Arminio_Fraga_,114.811,478
Arnaud_Clement_,156.987,1546
Arnold_Palmer_,134.211,1061
Arnold_Schwarzenegger_,145.394,1356
Arnoldo_Aleman_,155.82,1530
Aron_Ralston_,128.59,898
Arsinee_Khanjian_,132.84,1018
Art_Hoffmann_,85.9051,51
Art_Howe_,134.635,1073
Arturo_Gatti_,150.513,1449
Arye_Mekel_,126.969,830
Asa_Hutchinson_,108.788,345
Ashanti_,128.508,893
Ashton_Kutcher_,135.165,1089
Atal_Bihari_Vajpayee_,154.584,1512
Augustin_Calleri_,138.271,1173
Augusto_Pinochet_,141.777,1277
Augusto_Roa_Bastos_,128.984,905
Aung_San_Suu_Kyi_,128.003,877
Azra_Akin_,146.077,1368
Barbara_Brezigar_,115.833,508
Barbara_Walters_,142.293,1295
Barbra_Streisand_,91.6488,97
Barrett_Jackman_,124.355,739
Barry_Alvarez_,131.675,990
Barry_Zito_,119.389,597
Bashar_Assad_,100.05,184
Begum_Khaleda_Zia_,139.597,1214
Ben_Affleck_,127.792,868
Ben_Curtis_,143.438,1321
Ben_Glisan_,111.663,403
Ben_Howland_,114.871,483
Benazir_Bhutto_,152.768,1487
Benjamin_Netanyahu_,122.576,683
Bernard_Landry_,109.578,365
Bernard_Law_,138.508,1180
Bernard_Lord_,110.075,372
Bernardo_Segura_,141.349,1265
Bertie_Ahern_,106.951,313
Bertrand_Bonello_,142.045,1284
Beth_Jones_,142.101,1287
Betsy_Smith_,120.177,624
Bijan_Darvish_,148.271,1411
Bijan_Namdar_Zangeneh_,150.946,1461
Biljana_Plavsic_,111.672,404
Bill_Belichick_,97.3755,151
Bill_Callahan_,118.637,579
Bill_Clinton_,138.823,1193
Bill_Frist_,101.848,224
Bill_Gates_,129.111,908
Bill_Graham_,104.082,254
Bill_McBride_,128.07,879
Bill_Nelson_,156.658,1542
Bill_Parcells_,116.196,518
Bill_Paxton_,138.184,1167
Bill_Simon_,117.473,545
Bill_Sizemore_,100.44,189
Billy_Crystal_,129.812,937
Billy_Graham_,117.495,548
Billy_Sollie_,125.77,791
Binyamin_Ben-Eliezer_,146.396,1374
Blythe_Danner_,135.346,1099
Blythe_Hartley_,146.455,1375
Bo_Pelini_,133.125,1032
Bo_Ryan_,113.567,446
Bob_Beauprez_,135.794,1115
Bob_Colvin_,90.6767,88
Bob_Dole_,148.415,1415
Bob_Geldof_,138.299,1174
Bob_Graham_,147.886,1402
Bob_Hope_,83.5351,41
Bob_Huggins_,120.678,638
Bob_Stoops_,124.597,748
Bobby_Goldwater_,130.67,962
Bobby_Robson_,141.088,1257
Bode_Miller_,115.86,509
Bono_,75.119,11
Boris_Becker_,159.678,1576
Boris_Berezovsky_,105.163,275
Boris_Yeltsin_,121.699,662
Brad_Garrett_,131.066,977
Brad_Johnson_,112.997,436
Branko_Crvenkovski_,143.143,1319
Brendan_Hansen_,129.793,934
Brian_Cowen_,64.5749,2
Brian_Griese_,153.977,1505
Brian_Heidik_,122.816,692
Brian_Mulroney_,127.651,864
Brian_Wells_,105.049,268
Bridget_Fonda_,119.11,590
Bridgette_Wilson-Sampras_,160.4,1584
Brigitte_Boisselier_,162.055,1594
Britney_Spears_,127.525,858
Brooke_Shields_,118.072,568
Bruce_Springsteen_,107.339,318
Bruce_Van_De_Velde_,157.634,1551
Bruce_Weber_,118.023,566
Bud_Selig_,116.893,530
Bulent_Ecevit_,113.155,439
Butch_Davis_,125.001,767
Byron_Scott_,156.976,1545
Calista_Flockhart_,97.147,148
Cameron_Diaz_,145.32,1351
Camilla_Parker_Bowles_,116.967,532
Candice_Bergen_,142.536,1300
Candie_Kung_,164.389,1608
Carl_Reiner_,88.607,65
Carla_Del_Ponte_,99.2124,175
Carla_Myers_,91.1697,94
Carlo_Ancelotti_,144.14,1333
Carlos_Bianchi_,149.418,1430
Carlos_Ghosn_,120.723,639
Carlos_Manuel_Pruneda_,112.452,421
Carlos_Menem_,117.486,547
Carlos_Mesa_,117.016,534
Carlos_Moya_,144.323,1338
Carlos_Ortega_,154.537,1511
Carlos_Quintanilla_Schmidt_,150.724,1456
Carlos_Ruiz_,164.019,1606
Carlos_Vives_,101.065,204
Carly_Fiorina_,109.643,367
Carmen_Electra_,133.701,1046
Carol_Burnett_,117.703,554
Carol_Moseley_Braun_,143.946,1330
Carolina_Kluft_,141.508,1269
Carolina_Moraes_,152.844,1490
Caroline_Kennedy_,104.312,257
Carolyn_Dawn_Johnson_,143.072,1316
Carrie-Anne_Moss_,87.3714,57
Carson_Daly_,96.8268,143
Carson_Palmer_,130.506,954
Cate_Blanchett_,80.3647,24
Catherine_Deneuve_,134.787,1079
Catherine_Zeta-Jones_,122.391,676
Cathy_Freeman_,147.294,1392
Cecilia_Bolocco_,144.019,1332
Celine_Dion_,128.153,883
Celso_Amorim_,113.595,448
Cesar_Gaviria_,130.24,948
Cesar_Maia_,125.267,776
Chakib_Khelil_,82.8919,35
Chan_Gailey_,141.796,1278
Chanda_Rubin_,152.554,1483
Chang_Dae-whan_,81.5481,30
Charles_Bronson_,113.72,453
Charles_Grassley_,157.685,1552
Charles_Kartman_,124.671,752
Charles_Mathews_,117.254,538
Charles_Moose_,169.434,1640
Charles_Schumer_,153.937,1502
Charles_Taylor_,176.163,1660
Charlie_Zaa_,137.964,1161
Charlotte_Rampling_,134.225,1062
Charlton_Heston_,139.974,1225
Chen_Liang_Yu_,128.466,892
Chen_Shui-bian_,141.648,1273
Cherie_Blair_,109.46,363
Chick_Hearn_,141.291,1263
Chita_Rivera_,127.233,839
Choi_Sung-hong_,97.1803,149
Chok_Tong_Goh_,108.918,348
Chris_Bell_,108.72,343
Chris_Byrd_,159.167,1569
Chris_Cooper_,93.5846,111
Chris_Rock_,153.187,1494
Chris_Tucker_,169.234,1638
Christian_Fittipaldi_,160.815,1586
Christian_Longo_,140.449,1239
Christian_Wulff_,122.653,690
Christina_Aguilera_,115.694,505
Christine_Baumgartner_,122.192,670
Christine_Ebersole_,131.153,979
Christine_Gregoire_,90.0762,82
Christine_Todd_Whitman_,117.602,550
Christopher_Patten_,139.276,1207
Christopher_Reeve_,83.1976,39
Christopher_Walken_,123.081,699
Chuck_Amato_,109.058,353
Chuck_Yeager_,144.187,1335
Chung_Mong-hun_,117.866,560
Chung_Mong-joon_,111.323,394
Cindy_Crawford_,135.254,1095
Cindy_Margolis_,138.134,1164
Ciro_Gomes_,99.4272,179
Claire_Danes_,126.972,831
Claire_Hentzen_,146.804,1383
Claire_Leger_,105.229,276
Clara_Harris_,140.057,1227
Clare_Short_,89.1705,74
Claudia_Pechstein_,123.814,719
Claudia_Schiffer_,88.2789,63
Clay_Aiken_,115.597,502
Clint_Eastwood_,112.469,422
Colin_Farrell_,101.315,212
Colin_Jackson_,154.114,1506
Colin_Montgomerie_,130.605,959
Colin_Powell_,128.251,887
Conan_OBrien_,140.11,1228
Conchita_Martinez_,143.561,1324
Condoleezza_Rice_,145.87,1367
Constance_Marie_,123.444,707
Coretta_Scott_King_,145.704,1361
Corinne_Coman_,133.015,1025
Costas_Simitis_,123.288,705
Courtney_Love_,107.737,329
Cristina_Fernandez_,106.627,304
Cristina_Saralegui_,113.417,444
Cruz_Bustamante_,130.502,953
Cyndi_Thompson_,136.034,1120
Dai_Bachtiar_,120.624,635
Daisy_Fuentes_,122.846,693
Dalai_Lama_,125.061,768
Dale_Earnhardt_Jr_,111.105,390
Damon_van_Dam_,137.533,1150
Dan_Morales_,122.327,674
Dan_Wheldon_,154.652,1514
Daniel_Day-Lewis_,98.3084,164
Daniel_Radcliffe_,85.6417,48
Daniela_Hantuchova_,125.459,783
Darrell_Issa_,152.558,1484
Darrell_Porter_,161.042,1588
Darren_Clarke_,137.256,1142
Daryl_Hannah_,149.495,1433
Dave_Campo_,109.741,368
David_Anderson_,107.499,322
David_Beckham_,126.83,828
David_Bell_,141.294,1264
David_Caraway_,99.1438,174
David_Caruso_,133.103,1031
David_Coulthard_,145.251,1349
David_Dodge_,106.933,312
David_Heyman_,108.162,340
David_Heymann_,117.291,539
David_Hyde_Pierce_,101.675,219
David_Kelley_,132.941,1022
David_Leahy_,141.034,1255
David_Myers_,132.869,1019
David_Nalbandian_,135.961,1119
David_Spade_,139.184,1204
David_Stern_,124.799,757
David_Trimble_,103.452,244
David_Wells_,149.956,1441
David_Wolf_,122.385,675
Dean_Barkley_,127.254,841
Debbie_Reynolds_,106.523,300
Debra_Brown_,101.167,207
Debra_Messing_,86.9422,55
Demetrius_Ferraciu_,128.948,903
Demi_Moore_,164.767,1611
Denise_Johnson_,169.135,1636
Dennis_Erickson_,131.907,996
Dennis_Hastert_,138.331,1176
Dennis_Kozlowski_,79.1059,20
Dennis_Kucinich_,131.992,1000
Dennis_Powell_,120.992,643
Denzel_Washington_,132,1001
Derek_Jeter_,155.026,1519
Derek_Lowe_,135.225,1093
Desiree_Lemosi_,114.772,476
Dexter_Jackson_,154.629,1513
Diana_Krall_,95.4856,127
Diana_Munz_,130.546,958
Diana_Taurasi_,156.488,1541
Diane_Green_,95.4507,126
Dianne_Feinstein_,135.322,1098
Dick_Cheney_,121.328,647
Dick_Clark_,98.1973,162
Dick_Latessa_,146.745,1381
Dick_Vermeil_,173.82,1651
Dino_de_Laurentis_,116.812,529
Dolly_Parton_,129.435,922
Dolma_Tsering_,127.556,859
Dominik_Garcia-Lorido_,111.956,411
Dominique_de_Villepin_,159.02,1565
Don_Nickles_,100.841,198
Don_Siegelman_,140.269,1235
Donald_Evans_,128.338,891
Donald_Fehr_,143.824,1329
Donald_Pettit_,127.562,860
Donald_Rumsfeld_,80.6982,25
Donatella_Versace_,114.756,475
Donna_Shalala_,139.411,1210
Doris_Roberts_,96.3207,137
Doris_Schroeder_,125.818,792
Dorthy_Moxley_,107.977,335
Doug_Collins_,132.831,1017
Doug_Duncan_,143.122,1317
Doug_Melvin_,127.578,862
Drew_Barrymore_,117.247,537
Duane_Lee_Chapman_,122.408,677
Dwayne_Johnson_,166.554,1623
Ed_Rosenthal_,123.599,712
Ed_Smart_,119.405,600
Eddie_Sutton_,128.585,896
Eddy_Merckx_,116.504,523
Edie_Falco_,124.72,754
Edmund_Hillary_,105.93,288
Edmund_Stoiber_,117.738,557
Eduard_Shevardnadze_,124.609,749
Eduardo_Duhalde_,119.747,613
Edward_James_Olmos_,103.209,242
Edward_Kennedy_,107.56,325
Edward_Lu_,162.123,1595
Edward_Norton_,101.723,221
Edward_Said_,133.091,1029
Edwin_Edwards_,129.077,907
Edwina_Currie_,96.4399,140
Eileen_Coparropa_,157.627,1550
Elena_Bovina_,114.593,472
Eliane_Karp_,123.938,722
Elijah_Wood_,145.321,1352
Elin_Nordegren_,95.428,125
Elinor_Caplan_,123.929,721
Elisabeth_Schumacher_,89.1627,73
Elizabeth_Dole_,130.873,967
Elizabeth_Hurley_,137.526,1148
Elizabeth_Shue_,87.1966,56
Elizabeth_Smart_,104.444,260
Elizabeth_Taylor_,88.0212,61
Ellen_DeGeneres_,98.8765,170
Ellen_Engleman_,116.366,520
Elsa_Zylberstein_,153.788,1499
Elton_John_,140.852,1254
Elvis_Presley_,75.592,12
Emanuel_Ginobili_,126.67,821
Emile_Lahoud_,94.312,115
Emily_Robison_,127.957,876
Emma_Thompson_,107.452,321
Emma_Watson_,102.934,237
Emmanuelle_Beart_,134.197,1059
Emmit_Smith_,166.629,1624
Enrique_Bolanos_,152.077,1476
Eric_Clapton_,135.458,1105
Eric_Hinske_,114.238,465
Eric_Robert_Rudolph_,124.068,728
Eric_Rosser_,114.409,468
Erik_Morales_,133.952,1055
Erika_Christensen_,118.038,567
Erika_Harold_,134.728,1077
Erin_Runnion_,120.644,636
Ernesto_Zedillo_,101.436,217
Ernie_Els_,111.654,402
Ernie_Eves_,148.401,1414
Ernie_Fletcher_,137.232,1141
Ethan_Hawke_,115.223,491
Eunice_Barber_,182.278,1670
Eva_Dimas_,143.142,1318
Evan_Rachel_Wood_,112.181,414
Evander_Holyfield_,138.154,1166
Eve_Pelletier_,129.163,914
Fabiola_Zuluaga_,155.348,1525
Fabrice_Santoro_,152.282,1479
Farouk_al-Sharaa_,97.025,145
Faye_Dunaway_,119.547,605
Fayssal_Mekdad_,162.916,1598
Federico_Trillo_,134.896,1083
Felipe_Perez_Roque_,130.53,955
Felix_Mantilla_,152.317,1480
Ferenc_Madl_,84.8082,43
Fernando_Gonzalez_,156.384,1540
Fernando_Henrique_Cardoso_,120.136,622
Fernando_Vargas_,149.827,1439
Fidel_Castro_,131.204,980
Filippo_Inzaghi_,175.179,1657
Flavia_Delaroli_,135.611,1110
Flor_Montulo_,112.887,433
Fran_Drescher_,134.833,1080
Frances_Fisher_,124.475,745
Francis_Ford_Coppola_,105.318,278
Francis_George_,124.221,732
Francis_Mer_,114.021,462
Francisco_Flores_,127.41,850
Franco_Dragone_,100.855,199
Frank_Cassell_,120.884,641
Frank_Dunham_Jr_,113.757,454
Frank_Griswold_,124.304,735
Frank_Lautenberg_,103.525,246
Frank_Solich_,129.122,909
Frank_Stallone_,126.792,826
Franko_Simatovic_,146.552,1377
Franz_Beckenbauer_,126.128,802
Franz_Fischler_,140.007,1226
Franz_Muentefering_,71.768,8
Fred_Eckhard_,105.362,280
Fred_Funk_,150.993,1463
Fred_Thompson_,150.945,1460
Freddy_Garcia_,109.832,370
Fujio_Cho_,141.89,1280
GL_Peiris_,105.119,272
Gabriel_Batistuta_,161.923,1593
Gabriel_Valdes_,124.292,734
Gao_Qiang_,113.795,457
Garry_Kasparov_,105.347,279
Garry_Trudeau_,137.285,1143
Gary_Bergeron_,102.32,230
Gary_Carter_,134.026,1056
Gary_Doer_,155.477,1527
Gary_Forsee_,136.415,1129
Gary_Locke_,141.661,1274
Gary_Williams_,120.061,619
Gary_Winnick_,130.709,963
Gene_Robinson_,115.335,494
Geno_Auriemma_,120.835,640
Geoff_Hoon_,125.626,788
George_Brumley_,137.502,1147
George_Clooney_,83.1045,38
George_Foreman_,104.853,266
George_Galloway_,136.626,1131
George_HW_Bush_,50,1
George_Karl_,113.15,438
George_Lopez_,129.479,923
George_P_Bush_,91.6626,98
George_Papandreou_,149.632,1438
George_Pataki_,122.857,694
George_Robertson_,83.0481,37
George_Roy_Hill_,105.067,269
George_Ryan_,127.493,855
George_Tenet_,146.813,1384
George_Voinovich_,94.2659,114
George_W_Bush_,106.598,302
Georgi_Parvanov_,133.515,1042
Geraldine_Chaplin_,138.803,1192
Gerard_Depardieu_,139.698,1217
Gerardo_Gambala_,157.934,1556
Gerhard_Schroeder_,109.952,371
Gerry_Adams_,140.205,1233
Gerry_Parsky_,148.135,1408
Gian_Marco_,137.413,1145
Gianna_Angelopoulos-Daskalaki_,133.722,1047
Gil_de_Ferran_,170.775,1642
Gilberto_Rodriguez_Orejuela_,148.947,1421
Gillian_Anderson_,69.0941,4
Gisele_Bundchen_,100.581,191
Giuseppe_Gibilisco_,115.028,486
Glafcos_Clerides_,104.434,259
Gloria_Allred_,111.524,399
Gloria_Macapagal_Arroyo_,101.691,220
Gloria_Trevi_,86.811,54
Goh_Kun_,98.2618,163
Goldie_Hawn_,129.943,942
Gonzalo_Sanchez_de_Lozada_,137.811,1157
Goran_Persson_,132.927,1020
Gordon_Brown_,115.67,504
Gordon_Campbell_,106.529,301
Grady_Irvin_Jr_,165.969,1620
Grant_Hackett_,132.964,1024
Gray_Davis_,130.17,947
Greg_Gilbert_,142.67,1305
Greg_Ostertag_,103.017,239
Greg_Owen_,127.302,843
Greg_Rusedski_,159.05,1566
Gregg_Popovich_,149.627,1437
Gregory_Geoffroy_,125.22,775
Gregory_Hines_,152.028,1475
Gro_Harlem_Brundtland_,100.53,190
Guido_Westerwelle_,109.12,354
Guillaume_Soro_,194.276,1677
Guillermo_Canas_,128.267,889
Guillermo_Coria_,180.227,1665
Guillermo_Ortiz_,121.455,652
Gunter_Pleuger_,110.273,377
Gus_Van_Sant_,112.587,425
Gustavo_Kuerten_,128.542,895
Guy_Hemmings_,118.731,582
Guy_Ritchie_,124.982,765
Gwendal_Peizerat_,140.732,1247
Gwyneth_Paltrow_,88.8135,68
Habib_Rizieq_,155.985,1533
Hal_Gehman_,142.186,1291
Hal_Sutton_,142.166,1289
Halle_Berry_,116.801,528
Hamid_Karzai_,145.483,1358
Hamzah_Haz_,122.596,685
Hanan_Ashrawi_,105.107,271
Hannah_Stockbauer_,134.953,1088
Hans_Blix_,127.039,835
Hans_Eichel_,101.866,225
Harbhajan_Singh_,163.872,1604
Harrison_Ford_,99.9096,182
Harry_Belafonte_,174.814,1655
Harry_Kalas_,143.665,1326
Harry_Schmidt_,100.971,203
Harvey_Weinstein_,158.787,1562
Hashim_Thaci_,100.664,195
Hassan_Nasrallah_,173.495,1650
Hassan_Wirajuda_,91.8983,101
Hayley_Tullett_,150.696,1455
Heath_Ledger_,77.9623,16
Heather_Mills_,91.6758,99
Hector_Babenco_,135.185,1090
Hee-Won_Han_,148.106,1407
Heidi_Fleiss_,148.042,1405
Heidi_Klum_,81.5698,31
Heinz_Feldmann_,134.09,1058
Heizo_Takenaka_,127.712,865
Helen_Clark_,115.294,493
Henrique_Meirelles_,125.352,778
Herb_Sendek_,139.951,1224
Hermann_Maier_,139.275,1206
Herta_Daeubler-Gmelin_,81.0346,27
Hichiro_Naemura_,114.003,460
Hideki_Matsui_,135.453,1104
Hilary_Duff_,132.723,1016
Hillary_Clinton_,107.51,323
Hilmi_Ozkok_,104.453,262
Hipolito_Mejia_,160.093,1580
Hisao_Oguchi_,135.431,1102
Hitomi_Soga_,111.42,396
Holly_Hunter_,123.239,701
Hootie_Johnson_,148.516,1418
Horst_Koehler_,108.81,346
Hosni_Mubarak_,139.402,1209
Howard_Dean_,122.174,669
Howard_Schultz_,144.361,1340
Howard_Smith_,132.61,1012
Hu_Jintao_,97.8503,158
Hugh_Grant_,123.369,706
Hugo_Chavez_,128.172,885
Hun_Sen_,152.18,1478
Iain_Duncan_Smith_,143.654,1325
Ian_McKellen_,100.104,185
Ian_Thorpe_,119.33,595
Iban_Mayo_,130.903,971
Ibrahim_Jaafari_,113.338,442
Igor_Ivanov_,102.092,227
Ilan_Ramon_,123.579,711
Imad_Moustapha_,146.201,1372
Inam-ul-Haq_,110.703,382
Inocencio_Arias_,138.188,1168
Intisar_Ajouri_,145.83,1366
Isabella_Rossellini_,97.5901,153
Isabelle_Huppert_,131.601,989
Isaiah_Washington_,129.737,930
Ishaq_Shahryar_,119.138,591
Ismail_Merchant_,146.506,1376
Iva_Majoli_,154.919,1518
JJ_Redick_,156.134,1536
JK_Rowling_,146.57,1378
Jack_Grubman_,144.98,1345
Jack_Nicholson_,138.746,1189
Jack_Straw_,122.631,688
Jackie_Chan_,142.916,1311
Jacqueline_Obradors_,113.663,451
Jacques_Chirac_,122.448,679
Jacques_Rogge_,85.3261,46
Jada_Pinkett_Smith_,107.861,333
Jake_Gyllenhaal_,109.438,361
James_Blake_,116.03,513
James_Butts_,127.133,836
James_Caan_,118.49,576
James_Cameron_,90.1254,83
James_Cunningham_,134.367,1067
James_Franco_,96.9883,144
James_Gandolfini_,161.113,1589
James_Ivory_,113.345,443
James_Jones_,112.25,415
James_Kelly_,121.954,668
James_Kopp_,126.218,805
James_Maguire_,123.51,710
James_McGreevey_,105.76,284
James_Morris_,115.703,506
James_Parker_,142.588,1302
James_Schultz_,113.146,437
James_Smith_,92.3154,103
James_Traficant_,143.542,1323
James_Wolfensohn_,103.002,238
Jamie_Villafane_,102.383,231
Jamling_Norgay_,131.542,986
Jan-Michael_Gambill_,133.494,1041
Jan_Ullrich_,159.441,1573
Jane_Fonda_,136.792,1134
Jane_Kaczmarek_,166.673,1625
Jane_Pauley_,120.311,626
Janet_Napolitano_,141.1,1259
Janet_Thorpe_,123.803,717
Janica_Kostelic_,124.904,763
Jason_Alexander_,121.344,648
Jason_Jennings_,129.181,915
Jason_Kidd_,131.245,981
Jason_Lezak_,136.938,1137
Javier_Solana_,133.814,1050
Javier_Weber_,167.727,1631
Jay_Garner_,129.293,917
Jay_Leno_,138.05,1163
Jay_Rasulo_,128.95,904
Jayson_Williams_,105.843,285
Jean-Claude_Braquet_,140.284,1236
Jean-Claude_Juncker_,121.877,666
Jean-Claude_Trichet_,142.476,1299
Jean-David_Levitte_,140.751,1249
Jean-Francois_Pontal_,107.043,316
Jean-Marc_de_La_Sabliere_,123.022,697
Jean-Pierre_Raffarin_,132.664,1014
Jean-Sebastien_Giguere_,144.995,1346
Jean_Brumley_,115.896,510
Jean_Carnahan_,109.459,362
Jean_Charest_,115.359,496
Jean_Chretien_,123.788,715
Jeanne_Moreau_,72.145,9
Jeb_Bush_,144.008,1331
Jeff_Van_Gundy_,118.803,583
Jefferson_Perez_,142.014,1283
Jeffrey_Archer_,109.257,356
Jeffrey_Immelt_,159.489,1575
Jeffrey_Jones_,125.592,786
Jeffrey_Scott_Postell_,142.701,1306
Jelena_Dokic_,127.298,842
Jennifer_Aniston_,150.314,1445
Jennifer_Capriati_,120.003,618
Jennifer_Connelly_,88.6854,67
Jennifer_Garner_,102.402,232
Jennifer_Keller_,100.246,187
Jennifer_Lopez_,147.943,1403
Jennifer_Reilly_,125.202,774
Jennifer_Rodriguez_,120.328,627
Jennifer_Thompson_,134.781,1078
Jeong_Se-hyun_,106.015,290
Jeremy_Greenstock_,129.889,941
Jeremy_Shockey_,103.167,241
Jerry_Falwell_,121.445,651
Jerry_Regier_,98.355,165
Jerry_Springer_,119.549,606
Jesse_Harris_,128.517,894
Jesse_Jackson_,112.972,435
Jesse_James_Leija_,121.23,646
Jesse_Ventura_,109.745,369
Jessica_Alba_,124.999,766
Jessica_Lange_,91.9442,102
Jessica_Lynch_,137.003,1139
Jia_Qinglin_,128.162,884
Jiang_Zemin_,133.045,1028
Jim_Carrey_,117.963,564
Jim_Edmonds_,140.725,1246
Jim_Furyk_,154.498,1510
Jim_Hahn_,126.106,800
Jim_Harrick_,152.95,1491
Jim_OBrien_,132.064,1002
Jim_Tressel_,152.827,1489
Jimmy_Carter_,104.037,253
Jimmy_Kimmel_,105.14,274
Jiri_Novak_,135.197,1092
Jo_Dee_Messina_,156.087,1535
Joan_Claybrook_,118.478,575
Joan_Laporta_,144.167,1334
Job_Cohen_,132.345,1005
Jodie_Foster_,123.697,714
Joe_Calzaghe_,180.9,1667
Joe_Dumars_,185.205,1675
Joe_Gatti_,107.001,315
Joe_Lieberman_,119.355,596
Joe_Mantello_,142.402,1297
Joe_Nichols_,147.794,1400
Joe_Torre_,126.041,798
Joerg_Haider_,115.461,499
John_Abizaid_,124.748,755
John_Allen_Muhammad_,149.882,1440
John_Ashcroft_,124.652,750
John_Banko_,138.515,1182
John_Blaney_,127.25,840
John_Bolton_,132.383,1006
John_Brady_,119.791,614
John_Cusack_,131.271,982
John_Edwards_,121.153,645
John_F_Kennedy_Jr_,129.076,906
John_Garamendi_,119.39,598
John_Howard_,119.181,592
John_Jumper_,143.067,1315
John_Kerry_,118.442,574
John_Malkovich_,162.7,1597
John_Manley_,111.466,397
John_Mayer_,101.101,206
John_McCain_,100.604,193
John_McCallum_,136.249,1123
John_McCormack_,119.819,615
John_McEnroe_,95.5427,128
John_Negroponte_,122.537,680
John_Paul_II_,97.6775,155
John_Reid_,117.326,543
John_Reilly_,107.054,317
John_Rigas_,160.21,1581
John_Rosa_,149.22,1426
John_Rowland_,95.0429,123
John_Ruiz_,120.618,634
John_Snow_,89.4573,76
John_Spencer_,124.569,747
John_Stockton_,130.349,949
John_Swofford_,121.808,664
John_Taylor_,91.0272,90
John_Timoney_,109.015,350
John_Travolta_,116.579,525
John_Walsh_,114.321,466
John_Warner_,93.629,112
John_Wolf_,109.171,355
Johnny_Carson_,142.56,1301
Johnny_Depp_,139.267,1205
Johnny_Tapia_,127.467,853
Johnny_Unitas_,126.675,822
Johnson_Panjaitan_,130.634,960
Jolanta_Kwasniewski_,118.412,573
Jon_Corzine_,158.181,1559
Jon_Gruden_,146.877,1385
Jon_Voight_,106.513,299
Jonathan_Edwards_,153.074,1492
Jonathan_Mostow_,118.002,565
Jong_Thae_Hwa_,129.36,919
Jong_Wook_Lee_,127.027,834
Jorge_Arce_,129.794,935
Jorge_Batlle_,113.817,458
Jorge_Castaneda_,147.477,1396
Jorge_Rodolfo_Canicoba_Corral_,102.519,235
Jorge_Valdano_,110.816,386
Joschka_Fischer_,149.567,1436
Jose_Canseco_,126.184,803
Jose_Dirceu_,151.312,1468
Jose_Manuel_Durao_Barroso_,100.933,200
Jose_Maria_Aznar_,139.1,1199
Jose_Mourinho_,135.744,1114
Jose_Sarney_,121.868,665
Jose_Serra_,148.958,1422
Jose_Theodore_,119.661,609
Jose_Viegas_Filho_,125.404,781
Joseph_Biden_,149.421,1431
Joseph_Blatter_,127.513,856
Joseph_Deiss_,151.973,1473
Joseph_Estrada_,134.267,1065
Joseph_Ralston_,87.9829,60
Juan_Carlos_Ferrero_,153.291,1496
Juan_Ignacio_Chela_,126.573,816
Juan_Manuel_Marquez_,115.433,498
Juan_Pablo_Montoya_,134.573,1071
Juan_Valencia_Osorio_,150.47,1447
Juanes_,129.23,916
Jude_Law_,106.467,298
Judi_Dench_,105.894,286
Judy_Genshaft_,136.91,1135
Juergen_Peters_,163.26,1601
Julia_Tymoshenko_,77.5364,15
Julianna_Margulies_,97.4754,152
Julianne_Moore_,127.566,861
Julie_Gerberding_,141.454,1267
Julie_Taymor_,117.388,544
Julio_Iglesias_Jr_,71.4745,7
Junichiro_Koizumi_,121.44,650
Justin_Gatlin_,169.058,1634
Justin_Guarini_,120.51,630
Justin_Leonard_,103.356,243
Justin_Timberlake_,99.3853,178
Justine_Henin_,140.776,1251
Justine_Pasek_,106.047,291
Kalpana_Chawla_,123.143,700
Kamal_Kharrazi_,126.445,812
Karen_Mok_,126.637,819
Karin_Stoiber_,155.629,1529
Kate_Capshaw_,94.456,117
Kate_Hudson_,115.008,485
Kate_Winslet_,109.046,352
Katherine_Harris_,146.193,1371
Kathleen_Glynn_,122.918,695
Kathleen_Kennedy_Townsend_,103.02,240
Kathryn_Bigelow_,94.7622,120
Kathy_Winters_,106.225,295
Katie_Harman_,116.734,527
Keanu_Reeves_,145.823,1365
Keira_Knightley_,122.961,696
Keith_Bogans_,157.085,1547
Kelli_White_,166.309,1622
Kelly_Clarkson_,128.911,901
Kelvin_Sampson_,153.569,1497
Kemal_Dervis_,129.75,931
Ken_Macha_,133.534,1044
Ken_Watanabe_,96.4018,139
Kenneth_Bowersox_,134.915,1084
Kenneth_Branagh_,85.7878,50
Kenneth_Evans_,139.02,1197
Kent_Rominger_,129.136,911
Kevin_Costner_,134.074,1057
Kevin_Spacey_,112.939,434
Kevin_Stallings_,145.562,1359
Kieran_Prendergast_,146.176,1370
Kifah_Ajouri_,165.773,1618
Kiki_Vandeweghe_,115.243,492
Kim_Clijsters_,117.121,535
Kim_Dae-jung_,145.785,1364
Kim_Jin-sun_,136.587,1130
Kim_Jong-Il_,97.969,160
Kim_Ryong-sung_,129.604,926
Kim_Yong-il_,126.247,808
Kimi_Raikkonen_,133.785,1049
King_Abdullah_II_,96.0038,131
Kirk_Ferentz_,153.932,1501
Kirk_Johnson_,171.634,1644
Kjell_Magne_Bondevik_,110.181,374
Klaus_Zwickel_,121.574,657
Kobe_Bryant_,169.304,1639
Kofi_Annan_,147.404,1394
Kosuke_Kitajima_,139.63,1215
Kristanna_Loken_,130.743,964
Kristen_Breitweiser_,110.507,379
Kristin_Davis_,116.55,524
Kurt_Busch_,172.805,1648
Kurt_Russell_,117.231,536
Kurt_Warner_,135.365,1100
Kwon_Yang-sook_,98.366,166
LK_Advani_,117.897,562
Laila_Ali_,138.217,1169
Lana_Clarkson_,81.3742,29
Lance_Armstrong_,139.423,1211
Lance_Bass_,113.65,450
Larry_Bowa_,150.08,1443
Larry_Brown_,166.986,1628
Larry_Coker_,129.426,921
Larry_Ellison_,106.9,310
Larry_Johnson_,128.819,899
Larry_Lindsey_,122.567,682
Larry_Lucchino_,112.443,420
Larry_Thompson_,169.114,1635
Lars_Von_Trier_,101.419,216
Latrell_Sprewell_,165.348,1617
Laura_Bush_,109.366,358
Laura_Hernandez_,138.226,1170
Laura_Linney_,96.4972,141
Lauren_Hutton_,112.7,427
Lauren_Killian_,127.812,869
Laurent_Gbagbo_,153.154,1493
Laurent_Jalabert_,125.474,784
Lawrence_MacAulay_,152.458,1482
LeAnn_Rimes_,107.379,319
LeBron_James_,172.299,1646
Lea_Fastow_,112.721,429
Leander_Paes_,152.616,1485
Lech_Walesa_,89.9651,81
Lee_Hoi-chang_,100.431,188
Lee_Jun_,88.9536,69
Lee_Soo-hyuck_,138.608,1186
Lee_Tae-sik_,92.586,106
Leland_Chapman_,169.197,1637
Len_Jenoff_,148.846,1420
Lennox_Lewis_,139.106,1200
Lenny_Wilkens_,128.279,890
Leon_LaPorte_,107.715,328
Leonard_Hamilton_,149.519,1435
Leonardo_DiCaprio_,122.242,672
Leonid_Kuchma_,114.999,484
Lesley_McCulloch_,114.656,473
Leslie_Ann_Woodward_,91.0313,91
Leslie_Caldwell_,133.024,1026
Leslie_Moonves_,96.2731,136
Leszek_Miller_,96.0252,132
Li_Peng_,140.476,1240
Li_Zhaoxing_,125.532,785
Liam_Neeson_,107.857,332
Lili_Taylor_,108.456,341
Lily_Tomlin_,127.785,867
Lim_Dong-won_,107.95,334
Lina_Krasnoroutskaya_,170.407,1641
Lindsay_Benko_,137.894,1158
Lindsay_Davenport_,155.125,1520
Lindsey_Graham_,120.649,637
Lino_Oviedo_,133.87,1051
Lionel_Richie_,158.429,1561
Lisa_Gottsegen_,110.665,380
Lisa_Ling_,146.943,1387
Lisa_Marie_Presley_,132.715,1015
Lisa_Raymond_,160.245,1583
Liu_Mingkang_,118.258,570
Liza_Minnelli_,124.308,736
Lleyton_Hewitt_,159.705,1577
Lloyd_Ward_,134.304,1066
Lon_Kruger_,125.282,777
Lord_Hutton_,119.53,604
Lou_Piniella_,152.787,1488
Luciano_Pavarotti_,128.59,897
Lucio_Gutierrez_,153.725,1498
Lucy_Liu_,117.303,540
Ludivine_Sagnier_,136.255,1124
Luis_Ernesto_Derbez_Bautista_,139.562,1213
Luis_Figo_,145.565,1360
Luis_Gonzalez_Macchi_,134.926,1086
Luis_Horna_,124.898,762
Luiz_Felipe_Scolari_,148.437,1416
Luiz_Inacio_Lula_da_Silva_,134.265,1064
Luke_Walton_,147.042,1389
Lyle_Vanclief_,101.264,210
Lynn_Abraham_,112.312,418
Lynn_Redgrave_,118.73,581
Lynne_Cheney_,109.423,360
Mack_Brown_,100.21,186
Madeleine_Albright_,107.432,320
Madonna_,102.531,236
Magdalena_Maleeva_,147.97,1404
Maggie_Smith_,89.0636,71
Magui_Serna_,136.402,1127
Mahathir_Mohamad_,127.452,851
Mahmoud_Abbas_,150.971,1462
Makhdoom_Amin_Fahim_,149.191,1424
Manfred_Stolpe_,138.001,1162
Manuel_Poggiali_,141.732,1275
Marat_Safin_,133.397,1038
Marc-Andre_Fleury_,120.065,620
Marc_Grossman_,99.8902,181
Marcelo_Ebrard_,126.58,817
Marcelo_Rios_,148.997,1423
Marcelo_Salas_,123.879,720
Marco_Antonio_Barrera_,115.58,501
Marcus_Gronholm_,79.9601,23
Margaret_Thatcher_,102.211,229
Maria_Luisa_Mendonca_,145.711,1362
Maria_Shriver_,118.096,569
Maria_Soledad_Alvear_Valenzuela_,108.506,342
Mariah_Carey_,141.115,1260
Mariana_Pollack_,69.6731,5
Mariangel_Ruiz_Torrealba_,100.639,194
Marie-Reine_Le_Gougne_,119.402,599
Marieta_Chrousala_,117.726,555
Marilyn_Monroe_,116.178,517
Marina_Anissina_,124.141,729
Mario_Cipollini_,156.205,1538
Mario_Dumont_,103.939,252
Mario_Kreutzberger_,146.153,1369
Marisa_Tomei_,117.619,551
Marissa_Jaret_Winokur_,134.699,1075
Mark_Cuban_,133.518,1043
Mark_Dacey_,111.869,410
Mark_Geragos_,115.36,497
Mark_Gottfried_,121.502,653
Mark_Hamister_,128.139,882
Mark_Heller_,124.772,756
Mark_Hurlbert_,113.769,455
Mark_Philippoussis_,151.145,1465
Mark_Richt_,154.835,1517
Mark_Schweiker_,129.129,910
Mark_Wahlberg_,117.868,561
Mark_Warner_,132.928,1021
Markus_Naslund_,130.545,957
Marlene_Weingartner_,144.846,1343
Martha_Beatriz_Roque_,167.676,1630
Martha_Bowen_,109.604,366
Martha_Burk_,141.191,1262
Martha_Lucia_Ramirez_,138.562,1184
Martha_Stewart_,118.298,571
Martin_Brodeur_,87.4268,58
Martin_Cauchon_,140.745,1248
Martin_Hoellwarth_,108.051,337
Martin_McCauley_,117.915,563
Martin_McGuinness_,109.392,359
Martin_Scorsese_,92.4604,104
Martin_Sheen_,101.386,215
Martin_Verkerk_,182.431,1671
Martina_Hingis_,120.097,621
Martina_McBride_,140.148,1231
Marty_Mornhinweg_,97.719,156
Marwan_Barghouthi_,164.457,1609
Mary-Kate_Olsen_,127.845,871
Mary_Carey_,94.8995,122
Mary_Landrieu_,123.8,716
Mary_Steenburgen_,119.432,602
Mary_Tyler_Moore_,142.759,1308
Masahiko_Nagasawa_,127.852,872
Masum_Turker_,122.553,681
Mathias_Reichhold_,117.312,542
Matt_Damon_,105.63,283
Matt_Dillon_,133.097,1030
Matt_Doherty_,147.023,1388
Matthew_Broderick_,157.16,1548
Matthew_Perry_,114.844,482
Maureen_Fanning_,107.701,327
Max_Mayfield_,142.267,1294
Megan_Mullally_,114.039,463
Megawati_Sukarnoputri_,127.815,870
Meghann_Shaughnessy_,137.228,1140
Mel_Brooks_,104.125,256
Mel_Gibson_,138.959,1196
Melanie_Griffith_,98.598,168
Melissa_Etheridge_,89.6226,77
Meryl_Streep_,88.6148,66
Mesut_Yilmaz_,163.002,1599
Mian_Khursheed_Mehmood_Kasuri_,171.113,1643
Michael_Ballack_,132.951,1023
Michael_Bloomberg_,88.9636,70
Michael_Caine_,79.6069,22
Michael_Capellas_,111.416,395
Michael_Chang_,133.34,1036
Michael_Chiklis_,120.209,625
Michael_Douglas_,99.3547,176
Michael_J_Sheehan_,101.632,218
Michael_Jackson_,65.7778,3
Michael_Jordan_,154.665,1515
Michael_Keaton_,124.445,744
Michael_Kostelnik_,132.159,1003
Michael_Leavitt_,138.837,1194
Michael_Moore_,124.802,758
Michael_Patrick_King_,112.294,416
Michael_Phelps_,101.086,205
Michael_Powell_,124.323,737
Michael_Schumacher_,147.181,1390
Michael_Sullivan_,124.667,751
Michael_Winterbottom_,121.51,654
Michel_Duclos_,90.2083,85
Michel_Temer_,119.648,608
Michel_Therrien_,125.832,793
Michelle_Branch_,109.263,357
Michelle_Collins_,154.121,1507
Michelle_Kwan_,119.107,589
Michelle_Pfeiffer_,114.705,474
Michelle_Rodriguez_,135.195,1091
Michelle_Yeoh_,103.886,249
Mick_Jagger_,133.043,1027
Miguel_Contreras_,148.233,1410
Miguel_Estrada_,128.266,888
Mike_Babcock_,139.873,1218
Mike_Brey_,117.005,533
Mike_Helton_,111.861,409
Mike_Holmgren_,100.695,196
Mike_Krzyzewski_,140.639,1244
Mike_Martz_,117.479,546
Mike_Miller_,163.729,1603
Mike_Montgomery_,115.6,503
Mike_Myers_,153.85,1500
Mike_Price_,140.753,1250
Mike_Scioscia_,138.524,1183
Mike_Tyson_,142.962,1313
Mike_Weir_,137.935,1160
Mikhail_Gorbachev_,131.106,978
Mikhail_Kasyanov_,91.0459,92
Mikhail_Wehbe_,119.236,593
Mikhail_Youzhny_,132.237,1004
Mikulas_Dzurinda_,134.607,1072
Milo_Djukanovic_,89.6765,78
Milo_Maestrecampo_,161.733,1592
Minnie_Driver_,91.8237,100
Mireya_Moscoso_,154.426,1509
Miroljub_,130.531,956
Mitchell_Daniels_,116.156,515
Mitoji_Yabunaka_,164.929,1613
Miyako_Miyazaki_,134.839,1081
Mohamed_Benaissa_,131.899,995
Mohamed_ElBaradei_,135.376,1101
Mohammad_Khatami_,144.915,1344
Mohammed_Al-Douri_,155.55,1528
Mohammed_Baqir_al-Hakim_,101.755,222
Monica_Bellucci_,100.938,201
Monica_Lewinsky_,129.821,938
Monica_Seles_,151.594,1469
Monique_Garbrecht-Enfeldt_,142.375,1296
Morgan_Freeman_,156.735,1543
Moshe_Katsav_,152.176,1477
Muammar_Gaddafi_,113.478,445
Muhammad_Ali_,127.158,837
Muhammad_Saeed_al-Sahhaf_,116.499,522
Mukesh_Ambani_,145.327,1353
Munir_Akram_,138.255,1172
Nabil_Shaath_,108.761,344
Nadia_Petrova_,171.883,1645
Nadine_Vinzens_,128.13,881
Naji_Sabri_,137.666,1153
Nan_Wang_,104.451,261
Nancy_Demme_,111.576,400
Nancy_Pelosi_,134.949,1087
Nancy_Reagan_,121.6,658
Nancy_Sinatra_,121.672,661
Nanni_Moretti_,155.887,1532
Naomi_Campbell_,131.033,972
Naomi_Watts_,106.899,309
Naoto_Kan_,130.804,966
Nasser_al-Kidwa_,150.309,1444
Nastassia_Kinski_,111.056,389
Natalie_Cole_,176.104,1659
Natalie_Coughlin_,123.276,704
Natalie_Maines_,133.411,1039
Natasha_McElhone_,120.547,632
Nathalie_Baye_,119.851,617
Nathan_Lane_,152.025,1474
Nebojsa_Pavkovic_,158.147,1558
Nelson_Mandela_,181.833,1668
Neri_Marcore_,99.5569,180
Nestor_Kirchner_,128.012,878
Nia_Vardalos_,127.374,847
Nicanor_Duarte_Frutos_,96.1513,135
Nicholas_Byron_,143.333,1320
Nicholas_Tse_,140.706,1245
Nick_Nolte_,125.918,794
Nicolas_Cage_,126.743,825
Nicolas_Escude_,151.003,1464
Nicolas_Lapentti_,156.019,1534
Nicole_Kidman_,90.7218,89
Nikki_Reed_,105.13,273
Noah_Wyle_,115.941,512
Noelle_Bush_,148.162,1409
Nora_Bendijo_,142.069,1286
Norah_Jones_,178.75,1663
Norm_Coleman_,133.948,1054
Norman_Jewison_,128.879,900
Norodom_Sihanouk_,139.147,1202
Nursultan_Nazarbayev_,126.045,799
OJ_Simpson_,137.296,1144
Oleksandr_Moroz_,92.5278,105
Olesya_Bonabarenko_,97.276,150
Olivia_Newton-John_,86.088,52
Omar_Sharif_,132.53,1009
Oprah_Winfrey_,138.437,1177
Orlando_Bloom_,126.813,827
Orrin_Hatch_,131.037,974
Osama_bin_Laden_,140.158,1232
Oscar_De_La_Hoya_,138.754,1190
Oscar_Elias_Biscet_,154.772,1516
Oswaldo_Paya_,160.017,1579
Owen_Wilson_,115.148,489
Oxana_Fedorova_,125.693,789
Ozzy_Osbourne_,123.972,724
Padraig_Harrington_,138.899,1195
Pamela_Anderson_,136.365,1126
Paradorn_Srichaphan_,131.035,973
Paris_Hilton_,128.939,902
Parris_Glendening_,138.602,1185
Pascal_Lamy_,129.558,925
Pascal_Quignard_,110.204,375
Pat_Burns_,131.813,994
Pat_Cox_,104.927,267
Patrice_Chereau_,112.816,431
Patricia_Clarkson_,119.712,611
Patricia_Heaton_,124.19,731
Patrick_Ewing_,182.791,1672
Patrick_Leahy_,145.283,1350
Patrick_McEnroe_,139.892,1219
Patrick_Roy_,126.256,809
Patrick_Stewart_,134.684,1074
Patti_Labelle_,135.953,1118
Patty_Schnyder_,122.437,678
Paul-Henri_Mathieu_,139.911,1221
Paul_Bremer_,159.338,1571
Paul_Burrell_,111.602,401
Paul_Byrd_,134.552,1070
Paul_Coppin_,126.39,811
Paul_Gascoigne_,138.697,1188
Paul_Hogan_,152.456,1481
Paul_Kagame_,143.767,1327
Paul_Martin_,125.409,782
Paul_McCartney_,107.847,330
Paul_McNulty_,88.3003,64
Paul_ONeill_,124.881,761
Paul_Patton_,127.399,849
Paul_Pierce_,150.608,1452
Paul_Sarbanes_,120.401,629
Paul_Shanley_,142.988,1314
Paul_Tagliabue_,111.189,393
Paul_Wellstone_,120.158,623
Paul_William_Hurley_,134.208,1060
Paul_Wolfowitz_,147.442,1395
Paula_Radcliffe_,123.978,725
Paula_Zahn_,126.24,806
Paulo_Cesar_Pinheiro_,163.147,1600
Pedro_Almodovar_,113.769,456
Pedro_Malan_,134.864,1082
Pedro_Solbes_,122.577,684
Penelope_Ann_Miller_,130.878,968
Penelope_Cruz_,104.784,265
Pervez_Musharraf_,101.321,213
Pete_Carroll_,102.431,234
Pete_Rose_,106.797,307
Pete_Sampras_,175.604,1658
Peter_Arnett_,99.0844,172
Peter_Bacanovic_,106.137,293
Peter_Costello_,141.77,1276
Peter_Greenaway_,126.727,823
Peter_Harrison_,126.999,833
Peter_Hillary_,116.158,516
Peter_Struck_,95.6117,130
Petria_Thomas_,104.429,258
Petro_Symonenko_,131.685,991
Phan_Van_Khai_,141.395,1266
Phil_Gramm_,140.361,1237
Phil_Mickelson_,159.366,1572
Phil_Vassar_,150.653,1454
Philippe_Noiret_,138.143,1165
Pierce_Brosnan_,130.404,950
Pierre_Boulanger_,118.806,584
Pierre_Pettigrew_,110.165,373
Placido_Domingo_,136.169,1122
Prince_Charles_,82.2113,33
Prince_Claus_,93.0476,110
Prince_Edward_,142.608,1304
Prince_Harry_,101.973,226
Prince_Naruhito_,124.676,753
Prince_Willem-Alexander_,127.382,848
Prince_William_,149.488,1432
Princess_Aiko_,112.383,419
Princess_Anne_,124.384,740
Princess_Caroline_,159.151,1568
Princess_Elisabeth_,82.2627,34
Princess_Masako_,114.798,477
Priscilla_Owen_,125.728,790
Priscilla_Presley_,118.55,577
Pupi_Avati_,90.1394,84
Queen_Beatrix_,79.1916,21
Queen_Elizabeth_II_,130.891,970
Queen_Latifah_,133.923,1052
Queen_Rania_,97.13,147
Rachel_Griffiths_,127.764,866
Rachel_Hunter_,127.944,875
Rafael_Ramirez_,150.479,1448
Raghad_Saddam_Hussein_,133.767,1048
Rainer_Schuettler_,129.87,940
Ralf_Schumacher_,138.507,1179
Ralph_Firman_,147.23,1391
Ralph_Klein_,164.809,1612
Ralph_Lauren_,113.682,452
Ranil_Wickremasinghe_,150.565,1451
Raoul_Ruiz_,133.602,1045
Raquel_Welch_,126.66,820
Ray_Allen_,159.013,1564
Ray_Nagin_,114.84,481
Ray_Romano_,132.532,1010
Raymond_Odierno_,125.996,797
Rebecca_Romijn-Stamos_,69.8984,6
Rebekah_Chantay_Revels_,98.1564,161
Recep_Tayyip_Erdogan_,121.601,659
Reese_Witherspoon_,91.1093,93
Reggie_Miller_,151.268,1467
Renee_Zellweger_,80.8327,26
Ricardo_Lagos_,100.956,202
Ricardo_Lopez_Murphy_,119.106,588
Ricardo_Maduro_,174.947,1656
Ricardo_Monasterio_,124.327,738
Ricardo_Sanchez_,155.856,1531
Rich_Gannon_,95.312,124
Richard_Armitage_,130.075,945
Richard_Branson_,90.4369,86
Richard_Butler_,135.562,1108
Richard_Crenna_,104.113,255
Richard_Gephardt_,114.51,470
Richard_Gere_,122.603,686
Richard_Haass_,134.701,1076
Richard_Krajicek_,139.898,1220
Richard_Myers_,108.154,339
Richard_Norton-Taylor_,113.325,441
Richard_Sambrook_,135.897,1116
Richard_Shelby_,117.696,553
Richard_Virenque_,145.116,1347
Richie_Adubato_,125.987,795
Rick_Barnes_,85.0891,44
Rick_Carlisle_,119.724,612
Rick_Dinse_,150.768,1457
Rick_Perry_,115.353,495
Rick_Pitino_,139.918,1222
Rick_Romley_,97.0834,146
Rick_Santorum_,106.644,305
Rick_Stansbury_,129.81,936
Rick_Wagoner_,110.697,381
Ricky_Barnes_,123.275,703
Ricky_Martin_,137.785,1156
Ricky_Ponting_,153.249,1495
Rio_Ferdinand_,115.094,488
Rita_Grande_,141.167,1261
Rita_Moreno_,115.732,507
Rita_Wilson_,127.192,838
Rob_Lowe_,137.526,1149
Rob_Marshall_,145.396,1357
Rob_Schneider_,142.113,1288
Robbie_Fowler_,135.451,1103
Robbie_Williams_,106.993,314
Robby_Ginepri_,120.991,642
Robert_Blackwill_,98.6058,169
Robert_Blake_,96.1106,134
Robert_Bonner_,127.326,845
Robert_Bullock_,112.3,417
Robert_DeFraites_,125.601,787
Robert_De_Niro_,106.922,311
Robert_Duvall_,142.604,1303
Robert_Ehrlich_,96.8076,142
Robert_Evans_,127.924,874
Robert_Fico_,111.799,406
Robert_Horan_,117.826,559
Robert_Kocharian_,118.686,580
Robert_Mueller_,118.411,572
Robert_Mugabe_,163.526,1602
Robert_Redford_,133.395,1037
Robert_Stack_,147.587,1397
Robert_Torricelli_,156.847,1544
Robert_Witt_,125.139,771
Robert_Zoellick_,129.754,932
Roberto_Benigni_,124.553,746
Roberto_Carlos_,159.975,1578
Roberto_Marinho_,113.979,459
Robin_Cook_,135.707,1112
Robin_McLaurin_Williams_,137.9,1159
Robinson_Stevenin_,114.014,461
Rod_Blagojevich_,110.95,388
Rod_Stewart_,110.746,384
Rodrigo_Borja_,130.015,944
Roger_Clemens_,155.219,1521
Roger_Federer_,140.592,1243
Roger_Moore_,112.013,412
Rogerio_Romero_,136.408,1128
Roh_Moo-hyun_,116.431,521
Rolandas_Paksas_,89.9452,80
Rolf_Eckrodt_,121.648,660
Roman_Polanski_,85.6717,49
Romano_Prodi_,143.539,1322
Ron_Dittemore_,131.47,983
Ron_Howard_,123.483,708
Ronald_Reagan_,154.337,1508
Ronaldo_Luis_Nazario_de_Lima_,146.688,1380
Roseanne_Barr_,123.81,718
Rosemarie_Stack_,149.391,1429
Roy_Jones_Jr_,157.745,1554
Roy_Moore_,141.848,1279
Roy_Williams_,142.731,1307
Ruben_Studdard_,164.174,1607
Rubens_Barrichello_,157.303,1549
Rudolph_Giuliani_,124.163,730
Rupert_Grint_,72.4416,10
Rupert_Murdoch_,107.553,324
Russell_Coutts_,140.828,1253
Russell_Crowe_,97.8031,157
Russell_Simmons_,159.329,1570
Ruth_Dreifuss_,128.086,880
Ruth_Harlow_,140.378,1238
S_Jayakumar_,167.118,1629
Saburo_Kawabuchi_,119.301,594
Sachiko_Yamada_,112.7,428
Saddam_Hussein_,103.653,248
Sadie_Frost_,104.751,264
Saeb_Erekat_,129.162,913
Sally_Field_,117.621,552
Sally_Kirkland_,134.485,1068
Sally_Ride_,146.615,1379
Salma_Hayek_,139.125,1201
Salman_Rushdie_,136.913,1136
Sam_Bith_,122.633,689
Sam_Mendes_,139.04,1198
Sam_Torrance_,186.426,1676
Samira_Makhmalbaf_,127.52,857
Sammy_Sosa_,164.991,1614
Samuel_Waksal_,150.022,1442
Sandra_Bullock_,84.3243,42
Saparmurat_Niyazov_,114.819,479
Sarah_Hughes_,141.555,1270
Sarah_Jessica_Parker_,108.86,347
Sarah_Michelle_Gellar_,107.68,326
Scott_McClellan_,134.261,1063
Scott_McNealy_,137.56,1151
Scott_Peterson_,147.728,1398
Scott_Ritter_,105.537,281
Scott_Rudin_,137.778,1155
Scott_Sullivan_,83.2043,40
Scott_Wolf_,88.1266,62
Sean_Astin_,86.4308,53
Sean_Hayes_,115.157,490
Sean_OKeefe_,138.252,1171
Sean_Patrick_OMalley_,147.756,1399
Sean_Penn_,121.565,656
Sebastian_Saja_,174.276,1652
Sebastien_Grosjean_,141.977,1282
Sepp_Blatter_,150.916,1459
Serena_Williams_,181.992,1669
Sergei_Ivanov_,114.828,480
Sergey_Lavrov_,149.508,1434
Sergio_Garcia_,138.772,1191
Sergio_Vieira_De_Mello_,119.029,587
Shane_Mosley_,180.048,1664
Shane_Warne_,157.714,1553
Shannon_OBrien_,126.455,815
Sharon_Davis_,120.33,628
Sharon_Frey_,142.475,1298
Sharon_Osbourne_,131.549,987
Sharon_Stone_,162.386,1596
Shaukat_Aziz_,127.477,854
Shaul_Mofaz_,125.19,773
Sheila_Copps_,127.891,873
Sheila_Fraser_,96.0866,133
Sheila_Wellstone_,129.779,933
Sheryl_Crow_,105.58,282
Shia_LaBeouf_,121.096,644
Shimon_Peres_,77.4026,14
Sila_Calderon_,103.906,251
Silvan_Shalom_,148.295,1412
Silvia_Farina_Elia_,124.273,733
Silvio_Berlusconi_,141.461,1268
Silvio_Fernandez_,145.327,1354
Simon_Cowell_,105.077,270
Slobodan_Milosevic_,106.386,297
Sonia_Gandhi_,135.676,1111
Sophia_Loren_,106.713,306
Sourav_Ganguly_,184.103,1674
Spencer_Abraham_,109.04,351
Stacy_Dragila_,121.377,649
Stan_Heath_,168.513,1632
Stanley_McChrystal_,123.971,723
Stanley_Tong_,105.903,287
Stefano_Accorsi_,126.633,818
Steffi_Graf_,165.989,1621
Stellan_Skarsgard_,135.231,1094
Stephen_Ambrose_,125.402,780
Stephen_Daldry_,128.224,886
Stephen_Friedman_,114.405,467
Steve_Backley_,172.556,1647
Steve_Ballmer_,89.375,75
Steve_Lavin_,125.063,769
Steve_Mariucci_,121.799,663
Steve_Nash_,135.543,1106
Steve_Park_,130.661,961
Steve_Spurrier_,134.924,1085
Steve_Waugh_,78.0108,17
Steven_Hatfill_,123.246,702
Steven_Seagal_,92.9666,108
Steven_Spielberg_,101.176,208
Stockard_Channing_,142.046,1285
Strom_Thurmond_,108.989,349
Sue_Wicks_,129.364,920
Surakait_Sathirathai_,111.829,407
Susan_Collins_,142.194,1292
Susan_Sarandon_,110.24,376
Susie_Castillo_,150.861,1458
Susilo_Bambang_Yudhoyono_,155.404,1526
Suzanne_Gaudet_,130.781,965
Svetlana_Koroleva_,99.1125,173
Sylvester_Stallone_,121.514,655
Taha_Yassin_Ramadan_,109.485,364
Takashi_Sorimachi_,129.154,912
Tamara_Brooks_,119.589,607
Tammy_Lynn_Michaels_,116.081,514
Tang_Jiaxuan_,115.556,500
Tariq_Aziz_,131.694,992
Tassos_Papadopoulos_,137.562,1152
Taufik_Hidayat_,124.048,727
Ted_Maher_,123.501,709
Terje_Roed-Larsen_,142.176,1290
Terrell_Suggs_,180.459,1666
Terry_McAuliffe_,131.704,993
Terry_Stotts_,126.213,804
Thabo_Mbeki_,159.461,1574
Thaksin_Shinawatra_,144.712,1342
Theo_Epstein_,159.068,1567
Theodore_Tweed_Roosevelt_,115.047,487
Theresa_May_,133.945,1053
Thierry_Falise_,106.621,303
Thomas_Birmingham_,135.596,1109
Thomas_Bjorn_,127.318,844
Thomas_Fargo_,96.399,138
Thomas_Malchow_,146.885,1386
Thomas_OBrien_,136.151,1121
Thomas_Rupprath_,136.719,1133
Thomas_Wyman_,126.995,832
Tiger_Woods_,156.151,1537
Tim_Allen_,85.4569,47
Tim_Chapman_,132.458,1007
Tim_Conway_,126.122,801
Tim_Curry_,116.961,531
Tim_Duncan_,156.292,1539
Tim_Floyd_,119.847,616
Tim_Henman_,141.921,1281
Tim_Robbins_,92.9992,109
Tippi_Hedren_,106.314,296
Todd_Haynes_,98.8869,171
Tom_Brady_,124.39,741
Tom_Coverdale_,148.385,1413
Tom_Craddick_,119.408,601
Tom_Crean_,148.046,1406
Tom_Cruise_,125.095,770
Tom_Daschle_,89.1124,72
Tom_Glavine_,101.843,223
Tom_Hanks_,140.116,1229
Tom_Harkin_,161.118,1590
Tom_Jones_,144.543,1341
Tom_Reilly_,130.502,952
Tom_Ridge_,101.304,211
Tom_Watson_,118.844,585
Tommy_Franks_,136.665,1132
Tommy_Haas_,116.697,526
Tommy_Robredo_,126.378,810
Tommy_Thompson_,111.776,405
Tomoko_Hagiwara_,133.167,1033
Toni_Braxton_,148.477,1417
Tony_Bennett_,103.602,247
Tony_Blair_,119.686,610
Tony_Curtis_,112.537,424
Tony_Parker_,147.34,1393
Tony_Shalhoub_,140.21,1234
Tony_Stewart_,112.728,430
Torri_Edwards_,133.43,1040
Toshihiko_Fukui_,126.451,813
Tracee_Ellis_Ross_,131.52,985
Tracy_McGrady_,153.971,1504
Trent_Lott_,141.574,1271
Tsutomu_Takebe_,132.573,1011
Tubby_Smith_,157.91,1555
Tung_Chee-hwa_,110.707,383
Tyler_Hamilton_,155.24,1522
Tyra_Banks_,174.7,1654
Tyron_Garner_,151.954,1472
Uma_Thurman_,131.93,998
Vaclav_Havel_,141.058,1256
Vaclav_Klaus_,81.0722,28
Valdas_Adamkus_,89.7488,79
Valentino_Rossi_,165.036,1615
Valerie_Harper_,116.224,519
Valery_Giscard_dEstaing_,126.743,824
Vanessa_Incontrada_,93.924,113
Vanessa_Redgrave_,106.16,294
Vanessa_Williams_,105.244,277
Venus_Williams_,164.643,1610
Vicente_Fernandez_,137.693,1154
Vicente_Fox_,150.318,1446
Vicki_Zhao_Wei_,110.813,385
Victoria_Beckham_,165.111,1616
Victoria_Clarke_,146.206,1373
Vidar_Helgesen_,138.464,1178
Vin_Diesel_,145.385,1355
Vince_Carter_,163.962,1605
Vince_Gill_,127.646,863
Vincent_Brooks_,165.817,1619
Vincent_Gallo_,118.861,586
Vitali_Klitschko_,101.205,209
Vivica_Fox_,92.6812,107
Vladimir_Putin_,140.519,1241
Vladimir_Spidla_,126.455,814
Vladimir_Voltchkov_,153.961,1503
Vladimiro_Montesinos_,122.812,691
Vojislav_Kostunica_,112.595,426
Walter_Mondale_,142.903,1310
Wang_Yi_,130.11,946
Wang_Yingfan_,91.392,96
Warren_Beatty_,132.66,1013
Warren_Buffett_,112.523,423
Wayne_Ferreira_,142.864,1309
Wayne_Gretzky_,122.605,687
Wen_Jiabao_,95.5803,129
Wesley_Clark_,155.321,1524
Will_Smith_,136.988,1138
William_Bratton_,123.99,726
William_Bulger_,123.056,698
William_Burns_,100.016,183
William_Donaldson_,144.35,1339
William_Ford_Jr_,117.528,549
William_Hochul_,147.851,1401
William_Macy_,129.308,918
William_Martin_,145.136,1348
William_Rehnquist_,129.699,929
Win_Aung_,97.6757,154
Winona_Ryder_,113.644,449
Wolfgang_Schuessel_,108.065,338
Woody_Allen_,150.563,1450
Wu_Yi_,112.12,413
Xanana_Gusmao_,131.914,997
Xavier_Malisse_,141.091,1258
Yann_Martel_,103.484,245
Yao_Ming_,130.497,951
Yasar_Yakis_,161.429,1591
Yashwant_Sinha_,138.693,1187
Yasser_Arafat_,102.42,233
Yevgeny_Kafelnikov_,133.282,1035
Yoko_Ono_,140.82,1252
Yoriko_Kawaguchi_,94.6612,118
Yossi_Beilin_,158.366,1560
Yu_Shyi-kun_,124.434,743
Yukiko_Okudo_,99.376,177
Yuri_Fedotov_,125.377,779
Yuri_Malenchenko_,94.3534,116
Zafarullah_Khan_Jamali_,132.499,1008
Zarai_Toledo_,143.822,1328
Zhang_Wenkang_,126.247,807
Zhang_Ziyi_,100.808,197
Zhu_Rongji_,78.4065,18
Zico_,117.797,558
Zinedine_Zidane_,111.483,398
Zoran_Djindjic_,122.196,671
